[ 0.          0.90532974  0.         -0.02476872 -0.04816831  0.          0.
 -0.50056791  0.         -0.64764834 -0.42324895 -1.28936535  0.22032632
  0.          0.6965599  -0.1573403   0.          0.          0.          0.
 -0.0320649   0.         -0.04215746  0.          0.10173917  0.
 -0.83691275  0.         -0.71818485  0.         -0.95609617 -0.24531628
  0.          0.          0.37947303 -0.72088703  0.19233201 -0.14660048
 -0.67444276 -0.32936523  0.          0.          0.          0.
 -0.17329368  0.          0.          0.          0.          0.
  0.28069014 -0.0836242  -0.18357589 -0.1767767   0.          0.26513231
 -0.06631101  0.          0.          0.88761205  1.08968832  0.          0.
  0.          0.          0.          0.          0.          0.
  6.18649556  0.          0.          0.          0.          0.          0.
 -0.09667365  0.          0.          0.          0.         -0.04816831
 -0.84918522 -0.04816831  0.          0.         -0.1616424  -0.09667365
  0.         -0.42465029 -0.04816831 -0.12833779  0.         -0.14586499
  0.         -0.22604179  1.75370228 -0.04816831 -0.17614271  0.
 -0.15393727 -0.16903085  0.          0.         -0.06819943  0.
 -0.12833779 -0.10821091  1.8103115   0.          0.          0.          0.
  0.          0.          0.          0.          0.          0.          0.
  0.         -0.19611614  0.          0.          0.          0.          0.
  0.          0.          0.          0.          0.          0.
 -0.62937023 -0.18718048 -0.64636077 -0.19479244  0.19759913 -0.06819943
  0.          0.          0.          0.          6.18649556  0.          0.
  0.         -0.04816831  0.          0.          0.          0.          0.
  0.          0.          0.         -0.06819943 -0.04816831  0.          0.
  0.         -0.1757124 ] misclassified as 0
[ 0.          0.90532974  0.         -0.7890605  -0.04816831  0.          0.
 -0.67014993  0.         -0.99602968 -0.6826015  -1.30695623 -4.53872229
  0.         -0.13126369 -0.1573403   0.          0.          0.          0.
 -1.35543991  0.         -0.90814698  0.         -0.18789063  0.
 -0.85361281  0.          1.39239919  0.         -1.37145747 -0.51986714
  0.          0.         -0.74335129 -0.8105597   0.19233201 -0.14660048
 -0.72381617  0.143345    0.          0.          0.          0.
 -0.72783344  0.          0.          0.          0.          0.
 -0.67035409 -0.88641653 -0.18357589 -0.1767767   0.         -0.94370313
 -0.78246997  0.          0.         -0.95000012 -0.99018806  0.          0.
  0.          0.          0.          0.          0.          0.         -0.1616424
  0.          0.          0.          0.          0.          0.
 -0.09667365  0.          0.          0.          0.         -0.04816831
 -0.84918522 -0.04816831  0.          0.         -0.1616424  -0.09667365
  0.         -0.42465029 -0.04816831 -0.12833779  0.         -0.14586499
  0.         -0.22604179 -0.57022221 -0.04816831 -0.17614271  0.
 -0.15393727 -0.16903085  0.          0.         -0.06819943  0.
 -0.12833779 -0.10821091 -0.55239112  0.          0.          0.          0.
  0.          0.          0.          0.          0.          0.          0.
  0.         -0.19611614  0.          0.          0.          0.          0.
  0.          0.          0.          0.          0.          0.
 -1.38130576 -0.22234397 -0.67601325 -0.19479244 -0.65602912 -0.06819943
  0.          0.          0.          0.         -0.1616424   0.          0.
  0.         -0.04816831  0.          0.          0.          0.          0.
  0.          0.          0.         -0.06819943 -0.04816831  0.          0.
  0.         -0.1757124 ] misclassified as 0
[  0.00000000e+00  -1.06010509e-02   0.00000000e+00   3.03239841e+00
  -4.81683051e-02   0.00000000e+00   0.00000000e+00   2.81393621e-01
   0.00000000e+00  -6.87783065e-01  -4.23248952e-01  -1.28936535e+00
   2.20326325e-01   0.00000000e+00  -5.45175489e-01  -6.39404204e-01
   0.00000000e+00   0.00000000e+00   0.00000000e+00   0.00000000e+00
  -1.09617521e-01   0.00000000e+00  -4.09546954e-01   0.00000000e+00
   1.01739171e-01   0.00000000e+00  -8.36912748e-01   0.00000000e+00
  -7.18184846e-01   0.00000000e+00  -1.01666970e+00  -5.19867140e-01
   0.00000000e+00   0.00000000e+00   9.40885195e-01  -4.51869042e-01
   1.92332008e-01   5.33400226e+00  -6.79222401e-01   4.87044733e+00
   0.00000000e+00   0.00000000e+00   0.00000000e+00   0.00000000e+00
  -1.73293676e-01   0.00000000e+00   0.00000000e+00   0.00000000e+00
   0.00000000e+00   0.00000000e+00  -1.94831978e-01  -8.36242010e-02
  -1.83575894e-01  -1.76776695e-01   0.00000000e+00  -4.25630799e-01
   6.49847942e-01   0.00000000e+00   0.00000000e+00  -3.11940337e-02
  -2.96895935e-01   0.00000000e+00   0.00000000e+00   0.00000000e+00
   0.00000000e+00   0.00000000e+00   0.00000000e+00   0.00000000e+00
   0.00000000e+00  -1.61642402e-01   0.00000000e+00   0.00000000e+00
   0.00000000e+00   0.00000000e+00   0.00000000e+00   0.00000000e+00
  -9.66736489e-02   0.00000000e+00   0.00000000e+00   0.00000000e+00
   0.00000000e+00  -4.81683051e-02  -8.49185220e-01   2.07605395e+01
   0.00000000e+00   0.00000000e+00  -1.61642402e-01  -9.66736489e-02
   0.00000000e+00  -4.24650290e-01  -4.81683051e-02  -1.28337790e-01
   0.00000000e+00  -1.45864991e-01   0.00000000e+00   4.42396073e+00
  -5.70222215e-01  -4.81683051e-02  -1.76142706e-01   0.00000000e+00
   6.49615271e+00  -1.69030851e-01   0.00000000e+00   0.00000000e+00
  -6.81994339e-02   0.00000000e+00  -1.28337790e-01  -1.08210914e-01
  -5.52391122e-01   0.00000000e+00   0.00000000e+00   0.00000000e+00
   0.00000000e+00   0.00000000e+00   0.00000000e+00   0.00000000e+00
   0.00000000e+00   0.00000000e+00   0.00000000e+00   0.00000000e+00
   0.00000000e+00  -1.96116135e-01   0.00000000e+00   0.00000000e+00
   0.00000000e+00   0.00000000e+00   0.00000000e+00   0.00000000e+00
   0.00000000e+00   0.00000000e+00   0.00000000e+00   0.00000000e+00
   0.00000000e+00  -7.06672013e-01  -2.08278575e-01  -6.52592092e-01
  -1.94792444e-01   1.05122739e+00  -6.81994339e-02   0.00000000e+00
   0.00000000e+00   0.00000000e+00   0.00000000e+00  -1.61642402e-01
   0.00000000e+00   0.00000000e+00   0.00000000e+00  -4.81683051e-02
   0.00000000e+00   0.00000000e+00   0.00000000e+00   0.00000000e+00
   0.00000000e+00   0.00000000e+00   0.00000000e+00   0.00000000e+00
  -6.81994339e-02  -4.81683051e-02   0.00000000e+00   0.00000000e+00
   0.00000000e+00  -1.75712403e-01] misclassified as 0
[ 0.         -0.92653185  0.         -0.7890605  -0.04816831  0.          0.
 -0.64188626  0.         -0.68778306  0.3548087  -1.28936535  0.22032632
  0.         -0.54517549  1.28885141  0.          0.          0.          0.
 -0.10961752  0.         -1.10496279  0.          0.10173917  0.
 -0.83691275  0.         -0.71818485  0.         -1.0166697  -0.24531628
  0.          0.         -0.18193913 -0.641178   -0.54952002 -0.75555635
 -0.67928743  1.08876547  0.          0.          0.          0.
  0.38124609  0.          0.          0.          0.          0.
  0.28069014 -0.88641653 -0.18357589 -0.1767767   0.         -0.46880349
 -0.06631101  0.          0.         -0.95000012 -0.99018806  0.          0.
  0.          0.          0.          0.          0.          0.         -0.1616424
  0.          0.          0.          0.          0.          0.
 -0.09667365  0.          0.          0.          0.         -0.04816831
 -0.84918522 -0.04816831  0.          0.         -0.1616424  -0.09667365
  0.         -0.42465029 -0.04816831 -0.12833779  0.         -0.14586499
  0.          4.42396073 -0.57022221 -0.04816831 -0.17614271  0.
 -0.15393727 -0.16903085  0.          0.         -0.06819943  0.
 -0.12833779 -0.10821091 -0.55239112  0.          0.          0.          0.
  0.          0.          0.          0.          0.          0.          0.
  0.         -0.19611614  0.          0.          0.          0.          0.
  0.          0.          0.          0.          0.          0.
 -0.70667201 -0.20124588 -0.65280696 -0.19479244  1.05122739 -0.06819943
  0.          0.          0.          0.         -0.1616424   0.          0.
  0.         -0.04816831  0.          0.          0.          0.          0.
  0.          0.          0.         -0.06819943 -0.04816831  0.          0.
  0.         -0.1757124 ] misclassified as 0
[ 0.         -0.01060105  0.          0.73952307 -0.04816831  0.          0.
 -0.12371898  0.         -0.28509303 -0.42324895  1.03067518  0.22032632
  0.         -0.13126369 -0.1573403   0.          0.          0.          0.
  0.75555668  0.         -0.09464167  0.          0.68099877  0.
 -0.44660846  0.          1.39239919  0.          0.57122194  1.81381518
  0.          0.          0.37947303  0.38507582  0.19233201  1.07131124
 -0.59832609  1.08876547  0.          0.          0.          0.
 -0.17329368  0.          0.          0.          0.          0.
 -0.19483198 -0.0836242  -0.18357589 -0.1767767   0.          3.45991169
  3.51448377  0.          0.          1.19388074  1.43633439  0.          0.
  0.          0.          0.          0.          0.          0.         -0.1616424
  0.          0.          0.          0.          0.          0.
 -0.09667365  0.          0.          0.          0.         -0.04816831
  1.17759939 -0.04816831  0.          0.         -0.1616424  -0.09667365
  0.         -0.42465029 -0.04816831 -0.12833779  0.          6.8556546   0.
 -0.22604179 -0.57022221 -0.04816831 -0.17614271  0.         -0.15393727
 -0.16903085  0.          0.         -0.06819943  0.         -0.12833779
 -0.10821091 -0.55239112  0.          0.          0.          0.          0.
  0.          0.          0.          0.          0.          0.          0.
 -0.19611614  0.          0.          0.          0.          0.          0.
  0.          0.          0.          0.          0.          0.06810268
 -0.13091889 -0.50207352 -0.19479244  2.75848391 -0.06819943  0.          0.
  0.          0.         -0.1616424   0.          0.          0.
 -0.04816831  0.          0.          0.          0.          0.          0.
  0.          0.         -0.06819943 -0.04816831  0.          0.          0.
 -0.1757124 ] misclassified as 0
[ 0.         -0.01060105  0.          0.73952307 -0.04816831  0.          0.
 -0.293301    0.          0.00942721 -0.42324895  1.0365388   0.22032632
  0.         -0.13126369  0.3247236   0.          0.          0.          0.
  1.16181857  0.          1.16497946  0.          0.97062857  0.
 -0.44613131  0.         -0.71818485  0.          1.12071033  1.81381518
  0.          0.          3.18653384 -0.03339661  0.19233201  0.46235538
 -0.585873    0.143345    0.          0.          0.          0.
 -0.17329368  0.          0.          0.          0.          0.
 -0.19483198 -0.0836242  -0.18357589 -0.1767767   0.          2.6396305
  1.3660069   0.          0.          0.27507466  0.39639619  0.          0.
  0.          0.          0.          0.          0.          0.         -0.1616424
  0.          0.          0.          0.          0.          0.
 -0.09667365  0.          0.          0.          0.         -0.04816831
  1.17759939 -0.04816831  0.          0.         -0.1616424  -0.09667365
  0.          2.35487888 -0.04816831  7.79193722  0.         -0.14586499
  0.         -0.22604179  1.75370228 -0.04816831 -0.17614271  0.
 -0.15393727 -0.16903085  0.          0.         -0.06819943  0.
  7.79193722 -0.10821091  1.8103115   0.          0.          0.          0.
  0.          0.          0.          0.          0.          0.          0.
  0.         -0.19611614  0.          0.          0.          0.          0.
  0.          0.          0.          0.          0.          0.
  0.61272887 -0.16608238 -0.48176801 -0.19479244  1.05122739 -0.06819943
  0.          0.          0.          0.         -0.1616424   0.          0.
  0.         -0.04816831  0.          0.          0.          0.          0.
  0.          0.          0.         -0.06819943 -0.04816831  0.          0.
  0.         -0.1757124 ] misclassified as 0
[ 0.          3.65312213  0.         -0.7890605  -0.04816831  0.          0.
 -0.67014993  0.         -0.99602968 -0.6826015  -1.30695623 -4.53872229
  0.         -0.13126369 -0.1573403   0.          0.          0.          0.
 -1.35543991  0.         -0.90814698  0.         -0.18789063  0.
 -0.85361281  0.          1.39239919  0.         -1.37145747 -0.51986714
  0.          0.         -0.74335129 -0.8105597   0.19233201  0.46235538
 -0.72381617  0.143345    0.          0.          0.          0.
 -0.72783344  0.          0.          0.          0.          0.
 -0.67035409 -0.88641653 -0.18357589 -0.1767767   0.         -0.94370313
 -0.78246997  0.          0.         -0.95000012 -0.99018806  0.          0.
  0.          0.          0.          0.          0.          0.         -0.1616424
  0.          0.          0.          0.          0.          0.
 -0.09667365  0.          0.          0.          0.         -0.04816831
 -0.84918522 -0.04816831  0.          0.         -0.1616424  -0.09667365
  0.         -0.42465029 -0.04816831 -0.12833779  0.         -0.14586499
  0.         -0.22604179 -0.57022221 -0.04816831 -0.17614271  0.
 -0.15393727 -0.16903085  0.          0.         -0.06819943  0.
 -0.12833779 -0.10821091 -0.55239112  0.          0.          0.          0.
  0.          0.          0.          0.          0.          0.          0.
  0.         -0.19611614  0.          0.          0.          0.          0.
  0.          0.          0.          0.          0.          0.
 -1.38130576 -0.22234397 -0.67601325 -0.19479244 -0.65602912 -0.06819943
  0.          0.          0.          0.         -0.1616424   0.          0.
  0.         -0.04816831  0.          0.          0.          0.          0.
  0.          0.          0.         -0.06819943 -0.04816831  0.          0.
  0.         -0.1757124 ] misclassified as 0
[ 0.         -0.01060105  0.          0.73952307 -0.04816831  0.          0.
 -0.61362259  0.          0.21651642 -0.42324895  1.04240242  0.22032632
  0.         -0.13126369 -0.1573403   0.          0.          0.          0.
  1.49764277  0.         -0.7638154   0.          1.40507327  0.
 -0.44517702  0.         -0.71818485  0.          1.57501175 -0.10804085
  0.          0.          2.06370952 -0.50168719  0.19233201  0.46235538
 -0.5765088   1.08876547  0.          0.          0.          0.
 -0.17329368  0.          0.          0.          0.          0.
 -0.19483198 -0.0836242  -0.18357589 -0.1767767   0.         -0.16659463
 -0.06631101  0.          0.         -0.64373142 -0.643542    0.          0.
  0.          0.          0.          0.          0.          0.
  6.18649556  0.          0.          0.          0.          0.          0.
 -0.09667365  0.          0.          0.          0.         -0.04816831
  1.17759939 -0.04816831  0.          0.         -0.1616424  -0.09667365
  0.          2.35487888 -0.04816831 -0.12833779  0.         -0.14586499
  0.          4.42396073  1.75370228 -0.04816831 -0.17614271  0.
 -0.15393727 -0.16903085  0.          0.         -0.06819943  0.
 -0.12833779 -0.10821091  1.8103115   0.          0.          0.          0.
  0.          0.          0.          0.          0.          0.          0.
  0.         -0.19611614  0.          0.          0.          0.          0.
  0.          0.          0.          0.          0.          0.
  1.01329266 -0.20124588 -0.46801614 -0.19479244  0.19759913 -0.06819943
  0.          0.          0.          0.          6.18649556  0.          0.
  0.         -0.04816831  0.          0.          0.          0.          0.
  0.          0.          0.         -0.06819943 -0.04816831  0.          0.
  0.         -0.1757124 ] misclassified as 0
[ 0.         -0.01060105  0.          0.73952307 -0.04816831  0.          0.
 -0.23677366  0.         -0.06726144 -0.42324895  1.03067518  0.22032632
  0.         -0.13126369  0.3247236   0.          0.          0.          0.
  1.05794075  0.         -0.04215746  0.          0.82581367  0.
 -0.44660846  0.         -0.71818485  0.          0.92600972  2.91201862
  0.          0.          0.94088519  0.38507582  0.19233201  0.46235538
 -0.58897814  1.08876547  0.          0.          0.          0.
 -0.17329368  0.          0.          0.          0.          0.
 -0.19483198 -0.0836242   5.414409    3.00520382  0.          1.73300392
  1.3660069   0.          0.          0.27507466  0.39639619  0.          0.
  0.          0.          0.          0.          0.          0.
  6.18649556  0.          0.          0.          0.          0.          0.
 -0.09667365  0.          0.          0.          0.         -0.04816831
  1.17759939 -0.04816831  0.          0.         -0.1616424  -0.09667365
  0.         -0.42465029 -0.04816831 -0.12833779  0.         -0.14586499
  0.         -0.22604179  1.75370228 -0.04816831 -0.17614271  0.
 -0.15393727  5.91607978  0.          0.         -0.06819943  0.
 -0.12833779 -0.10821091 -0.55239112  0.          0.          0.          0.
  0.          0.          0.          0.          0.          0.          0.
  0.         -0.19611614  0.          0.          0.          0.          0.
  0.          0.          0.          0.          0.          0.
  0.46866646 -0.15904969 -0.4867101  -0.19479244  1.90485565 -0.06819943
  0.          0.          0.          0.          6.18649556  0.          0.
  0.         -0.04816831  0.          0.          0.          0.          0.
  0.          0.          0.         -0.06819943 -0.04816831  0.          0.
  0.          2.4417965 ] misclassified as 0
[ 0.         -0.01060105  0.          0.73952307 -0.04816831  0.          0.
 -0.31214345  0.         -0.3531281  -0.42324895  1.03067518  0.22032632
  0.         -0.13126369  0.3247236   0.          0.          0.          0.
  0.66235123  0.         -0.04215746  0.          0.60859132  0.
 -0.44660846  0.         -0.71818485  0.          0.48468834  2.77474319
  0.          0.          2.62512168  0.13598509  0.19233201  0.46235538
 -0.60032574  1.08876547  0.          0.          0.          0.
 -0.17329368  0.          0.          0.          0.          0.
 -0.19483198 -0.0836242   5.414409    3.00520382  0.          1.862522
  1.3660069   0.          0.          0.27507466  0.39639619  0.          0.
  0.          0.          0.          0.          0.          0.
  6.18649556  0.          0.          0.          0.          0.          0.
 -0.09667365  0.          0.          0.          0.         -0.04816831
  1.17759939 -0.04816831  0.          0.         -0.1616424  -0.09667365
  0.          2.35487888 -0.04816831 -0.12833779  0.         -0.14586499
  0.         -0.22604179  1.75370228 -0.04816831 -0.17614271  0.
 -0.15393727  5.91607978  0.          0.         -0.06819943  0.
 -0.12833779 -0.10821091  1.8103115   0.          0.          0.          0.
  0.          0.          0.          0.          0.          0.          0.
  0.         -0.19611614  0.          0.          0.          0.          0.
  0.          0.          0.          0.          0.          0.
 -0.05663429 -0.15904969 -0.50518918 -0.19479244  1.90485565 -0.06819943
  0.          0.          0.          0.          6.18649556  0.          0.
  0.         -0.04816831  0.          0.          0.          0.          0.
  0.          0.          0.         -0.06819943 -0.04816831  0.          0.
  0.          2.4417965 ] misclassified as 0
[ 0.         -0.01060105  0.         -0.02476872 -0.04816831  0.          0.
 -0.66072871  0.         -0.99602968 -0.1638964  -1.30695623 -4.53872229
  0.          0.2826481   1.28885141  0.          0.          0.          0.
 -1.35543991  0.         -0.5932417   0.         -0.18789063  0.
 -0.85361281  0.          1.39239919  0.         -1.37145747 -0.51986714
  0.          0.         -0.74335129 -0.62125074  0.93418404  0.46235538
 -0.72381617  2.03418593  0.          0.          0.          0.
 -0.17329368  0.          0.          0.          0.          0.
  0.28069014 -0.88641653 -0.18357589 -0.1767767   0.         -0.51197619
 -0.78246997  0.          0.         -0.64373142 -0.643542    0.          0.
  0.          0.          0.          0.          0.          0.         -0.1616424
  0.          0.          0.          0.          0.          0.
 -0.09667365  0.          0.          0.          0.         -0.04816831
 -0.84918522 -0.04816831  0.          0.         -0.1616424  -0.09667365
  0.         -0.42465029 -0.04816831 -0.12833779  0.         -0.14586499
  0.         -0.22604179 -0.57022221 -0.04816831 -0.17614271  0.
 -0.15393727 -0.16903085  0.          0.         -0.06819943  0.
 -0.12833779 -0.10821091 -0.55239112  0.          0.          0.          0.
  0.          0.          0.          0.          0.          0.          0.
  0.         -0.19611614  0.          0.          0.          0.          0.
  0.          0.          0.          0.          0.          0.
 -1.38130576 -0.20124588 -0.67601325 -0.19479244 -0.65602912 -0.06819943
  0.          0.          0.          0.         -0.1616424   0.          0.
  0.         -0.04816831  0.          0.          0.          0.          0.
  0.          0.          0.         -0.06819943 -0.04816831  0.          0.
  0.         -0.1757124 ] misclassified as 0
[ 0.         -0.01060105  0.          0.73952307 -0.04816831  0.          0.
 -0.34982834  0.         -0.25226909 -0.42324895  1.03067518  0.22032632
  0.         -0.13126369 -0.1573403   0.          0.          0.          0.
  0.81247603  0.         -0.09464167  0.          0.75340622  0.
 -0.44660846  0.          1.39239919  0.          0.63612215 -0.24531628
  0.          0.          0.37947303 -0.18285105  0.19233201  1.07131124
 -0.59652153  1.08876547  0.          0.          0.          0.
 -0.17329368  0.          0.          0.          0.          0.
 -0.19483198 -0.0836242  -0.18357589 -0.1767767   0.          3.11453014
  3.51448377  0.          0.          1.19388074  1.43633439  0.          0.
  0.          0.          0.          0.          0.          0.         -0.1616424
  0.          0.          0.          0.          0.          0.
 -0.09667365  0.          0.          0.          0.         -0.04816831
  1.17759939 -0.04816831  0.          0.         -0.1616424  -0.09667365
  0.         -0.42465029 -0.04816831 -0.12833779  0.          6.8556546   0.
 -0.22604179 -0.57022221 -0.04816831 -0.17614271  0.         -0.15393727
 -0.16903085  0.          0.         -0.06819943  0.         -0.12833779
 -0.10821091 -0.55239112  0.          0.          0.          0.          0.
  0.          0.          0.          0.          0.          0.          0.
 -0.19611614  0.          0.          0.          0.          0.          0.
  0.          0.          0.          0.          0.          0.13486331
 -0.14498429 -0.49917273 -0.19479244  1.05122739 -0.06819943  0.          0.
  0.          0.         -0.1616424   0.          0.          0.
 -0.04816831  0.          0.          0.          0.          0.          0.
  0.          0.         -0.06819943 -0.04816831  0.          0.          0.
 -0.1757124 ] misclassified as 0
[  0.00000000e+00  -1.06010509e-02   0.00000000e+00  -2.47687152e-02
  -4.81683051e-02   0.00000000e+00   0.00000000e+00  -3.21564670e-01
   0.00000000e+00  -5.67080494e-01   9.54561466e-02  -1.27763811e+00
   2.20326325e-01   0.00000000e+00   6.96559895e-01  -6.39404204e-01
   0.00000000e+00   0.00000000e+00   0.00000000e+00   0.00000000e+00
   1.36558690e-01   0.00000000e+00  -4.21574587e-02   0.00000000e+00
   1.01739171e-01   0.00000000e+00  -8.32141302e-01   0.00000000e+00
  -7.18184846e-01   0.00000000e+00  -8.60909208e-01  -2.45316279e-01
   0.00000000e+00   0.00000000e+00   4.30935816e+00  -6.61105258e-01
   1.92332008e-01  -1.46600485e-01  -6.65111067e-01  -3.29365232e-01
   0.00000000e+00   0.00000000e+00   0.00000000e+00   0.00000000e+00
   3.81246087e-01   0.00000000e+00   0.00000000e+00   0.00000000e+00
   0.00000000e+00   0.00000000e+00   7.56212254e-01   7.19168129e-01
   3.54841404e+00   3.00520382e+00   0.00000000e+00   1.60348584e+00
  -6.63110145e-02   0.00000000e+00   0.00000000e+00   8.87612049e-01
   1.78298045e+00   0.00000000e+00   0.00000000e+00   0.00000000e+00
   0.00000000e+00   0.00000000e+00   0.00000000e+00   0.00000000e+00
   0.00000000e+00  -1.61642402e-01   0.00000000e+00   0.00000000e+00
   0.00000000e+00   0.00000000e+00   0.00000000e+00   0.00000000e+00
  -9.66736489e-02   0.00000000e+00   0.00000000e+00   0.00000000e+00
   0.00000000e+00   2.07605395e+01  -8.49185220e-01  -4.81683051e-02
   0.00000000e+00   0.00000000e+00  -1.61642402e-01  -9.66736489e-02
   0.00000000e+00  -4.24650290e-01  -4.81683051e-02   7.79193722e+00
   0.00000000e+00   6.85565460e+00   0.00000000e+00  -2.26041789e-01
   1.75370228e+00   2.07605395e+01   5.67721492e+00   0.00000000e+00
  -1.53937268e-01   5.91607978e+00   0.00000000e+00   0.00000000e+00
  -6.81994339e-02   0.00000000e+00  -1.28337790e-01   9.24121204e+00
   1.81031150e+00   0.00000000e+00   0.00000000e+00   0.00000000e+00
   0.00000000e+00   0.00000000e+00   0.00000000e+00   0.00000000e+00
   0.00000000e+00   0.00000000e+00   0.00000000e+00   0.00000000e+00
   0.00000000e+00  -1.96116135e-01   0.00000000e+00   0.00000000e+00
   0.00000000e+00   0.00000000e+00   0.00000000e+00   0.00000000e+00
   0.00000000e+00   0.00000000e+00   0.00000000e+00   0.00000000e+00
   0.00000000e+00  -4.81794099e-01  -1.80147781e-01  -6.35187374e-01
  -1.94792444e-01   1.97599134e-01  -6.81994339e-02   0.00000000e+00
   0.00000000e+00   0.00000000e+00   0.00000000e+00  -1.61642402e-01
   0.00000000e+00   0.00000000e+00   0.00000000e+00  -4.81683051e-02
   0.00000000e+00   0.00000000e+00   0.00000000e+00   0.00000000e+00
   0.00000000e+00   0.00000000e+00   0.00000000e+00   0.00000000e+00
  -6.81994339e-02  -4.81683051e-02   0.00000000e+00   0.00000000e+00
   0.00000000e+00   5.05930540e+00] misclassified as 0
[ 0.         -0.01060105  0.          0.73952307 -0.04816831  0.          0.
  0.09296915  0.          0.19831405  0.3548087   1.04240242  0.22032632
  0.         -0.13126369  3.21710701  0.          0.          0.          0.
  1.47274055  0.         -0.04215746  0.          1.33266582  0.
 -0.44517702  0.         -0.71818485  0.          1.52309159  1.95109061
  0.          0.          1.50229736  0.89322092  0.19233201  1.07131124
 -0.57683394  1.08876547  0.          0.          0.          0.
 -0.17329368  0.          0.          0.          0.          0.
 -0.19483198 -0.0836242  -0.18357589 -0.1767767   0.          2.51011242
  1.3660069   0.          0.          1.50014944  1.78298045  0.          0.
  0.          0.          0.          0.          0.          0.         -0.1616424
  0.          0.          0.          0.          0.          0.
 -0.09667365  0.          0.          0.          0.         -0.04816831
  1.17759939 -0.04816831  0.          0.         -0.1616424  -0.09667365
  0.          2.35487888 -0.04816831 -0.12833779  0.         -0.14586499
  0.         -0.22604179  1.75370228 -0.04816831 -0.17614271  0.
 -0.15393727 -0.16903085  0.          0.         -0.06819943  0.
 -0.12833779 -0.10821091  1.8103115   0.          0.          0.          0.
  0.          0.          0.          0.          0.          0.          0.
  0.         -0.19611614  0.          0.          0.          0.          0.
  0.          0.          0.          0.          0.          0.
  0.97464177 -0.0746573  -0.46844589 -0.19479244  2.75848391 -0.06819943
  0.          0.          0.          0.         -0.1616424   0.          0.
  0.         -0.04816831  0.          0.          0.          0.          0.
  0.          0.          0.         -0.06819943 -0.04816831  0.          0.
  0.         -0.1757124 ] misclassified as 0
[  0.           0.90532974   0.          -0.02476872  -0.04816831   0.           0.
  -0.50056791   0.          -0.68867826  -0.42324895  -1.28936535
   0.22032632   0.           0.6965599    2.73504311   0.           0.           0.
   0.          -0.13451974   0.           3.12001641   0.           0.10173917
   0.          -0.83691275   0.          -0.71818485   0.          -1.03397642
  -0.51986714   0.           0.           4.87077032  -0.85041422
   0.93418404   0.46235538  -0.67990521   1.5614757    0.           0.           0.
   0.          -0.17329368   0.           0.           0.           0.           0.
  -0.19483198  -0.0836242    3.54841404   6.18718434   0.           1.0854135
  -0.78246997   0.           0.          -0.95000012  -0.99018806   0.           0.
   0.           0.           0.           0.           0.           0.
  -0.1616424    0.           0.           0.           0.           0.           0.
  10.34408043   0.           0.           0.           0.          -0.04816831
   1.17759939  -0.04816831   0.           0.          -0.1616424
  -0.09667365   0.          -0.42465029  -0.04816831   7.79193722   0.
   6.8556546    0.          -0.22604179   1.75370228  -0.04816831
   5.67721492   0.          -0.15393727   5.91607978   0.           0.
  -0.06819943   0.           7.79193722  -0.10821091   1.8103115    0.           0.
   0.           0.           0.           0.           0.           0.           0.
   0.           0.           0.          -0.19611614   0.           0.           0.
   0.           0.           0.           0.           0.           0.           0.
   0.          -0.71018573  -0.20827858  -0.65323671  -0.19479244
   3.61211216  -0.06819943   0.           0.           0.           0.
  -0.1616424    0.           0.           0.          -0.04816831   0.           0.
   0.           0.           0.           0.           0.           0.
  -0.06819943  -0.04816831   0.           0.           0.           5.0593054 ] misclassified as 0
[ 0.         -1.84246264  0.          0.73952307 -0.04816831  0.          0.
 -0.5759377   0.         -0.06144265 -0.42324895  1.03067518  0.22032632
  0.         -0.13126369 -0.1573403   0.          0.          0.          0.
  1.05936373  0.         -1.18368911  0.          0.82581367  0.
 -0.44660846  0.         -0.71818485  0.          0.93466308 -0.38259171
  0.          0.          0.37947303 -0.65114163  0.19233201  0.46235538
 -0.58875054  0.143345    0.          0.          0.          0.
  0.38124609  0.          0.          0.          0.          0.
  0.28069014  0.71916813 -0.18357589 -0.1767767   0.         -0.59832158
 -0.06631101  0.          0.         -0.64373142 -0.643542    0.          0.
  0.          0.          0.          0.          0.          0.         -0.1616424
  0.          0.          0.          0.          0.          0.
 -0.09667365  0.          0.          0.          0.         -0.04816831
  1.17759939 -0.04816831  0.          0.         -0.1616424  -0.09667365
  0.         -0.42465029 -0.04816831 -0.12833779  0.         -0.14586499
  0.         -0.22604179 -0.57022221 -0.04816831 -0.17614271  0.
  6.49615271 -0.16903085  0.          0.         -0.06819943  0.
 -0.12833779 -0.10821091 -0.55239112  0.          0.          0.          0.
  0.          0.          0.          0.          0.          0.          0.
  0.         -0.19611614  0.          0.          0.          0.          0.
  0.          0.          0.          0.          0.          0.
  0.47218018 -0.21531127 -0.48628035 -0.19479244 -0.65602912 -0.06819943
  0.          0.          0.          0.         -0.1616424   0.          0.
  0.         -0.04816831  0.          0.          0.          0.          0.
  0.          0.          0.         -0.06819943 -0.04816831  0.          0.
  0.         -0.1757124 ] misclassified as 0
[ 0.         -0.92653185  0.          0.73952307 -0.04816831  0.          0.
 -0.59478015  0.         -0.05159547  0.3548087   1.0365388   0.22032632
  0.         -0.13126369  0.3247236   0.          0.          0.          0.
  1.07003611  0.         -0.7638154   0.          0.82581367  0.
 -0.44613131  0.         -0.71818485  0.          0.96494984 -0.24531628
  0.          0.          2.06370952 -0.61128711  0.19233201  0.46235538
 -0.58818153  0.143345    0.          0.          0.          0.
 -0.17329368  0.          0.          0.          0.          0.
 -0.19483198 -0.0836242   7.28040397  9.36916485  0.          0.26513231
  0.64984794  0.          0.          0.27507466  0.04975013  0.          0.
  0.          0.          0.          0.          0.          0.         -0.1616424
  0.          0.          0.          0.          0.          0.
 -0.09667365  0.          0.          0.          0.         -0.04816831
  1.17759939 -0.04816831  0.          0.         -0.1616424  -0.09667365
  0.          2.35487888 -0.04816831 -0.12833779  0.         -0.14586499
  0.         -0.22604179  1.75370228 -0.04816831  5.67721492  0.
 -0.15393727 -0.16903085  0.          0.         -0.06819943  0.
 -0.12833779 -0.10821091  1.8103115   0.          0.          0.          0.
  0.          0.          0.          0.          0.          0.          0.
  0.         -0.19611614  0.          0.          0.          0.          0.
  0.          0.          0.          0.          0.          0.
  0.49326248 -0.20827858 -0.48542086 -0.19479244  0.19759913 -0.06819943
  0.          0.          0.          0.         -0.1616424   0.          0.
  0.         -0.04816831  0.          0.          0.          0.          0.
  0.          0.          0.         -0.06819943 -0.04816831  0.          0.
  0.          2.4417965 ] misclassified as 0
[ 0.         -0.01060105  0.          0.73952307 -0.04816831  0.          0.
 -0.293301    0.          0.13923097 -0.42324895  1.0365388   0.22032632
  0.         -0.13126369  0.3247236   0.          0.          0.          0.
  1.36103632  0.          1.16497946  0.          1.18785092  0.
 -0.44613131  0.         -0.71818485  0.          1.41925127  1.81381518
  0.          0.          3.18653384 -0.03339661  0.19233201  0.46235538
 -0.57915873  0.143345    0.          0.          0.          0.
 -0.17329368  0.          0.          0.          0.          0.
 -0.19483198 -0.0836242  -0.18357589 -0.1767767   0.          2.6396305
  1.3660069   0.          0.          0.27507466  0.39639619  0.          0.
  0.          0.          0.          0.          0.          0.         -0.1616424
  0.          0.          0.          0.          0.          0.
 -0.09667365  0.          0.          0.          0.         -0.04816831
  1.17759939 -0.04816831  0.          0.         -0.1616424  -0.09667365
  0.          2.35487888 -0.04816831  7.79193722  0.         -0.14586499
  0.         -0.22604179  1.75370228 -0.04816831 -0.17614271  0.
 -0.15393727 -0.16903085  0.          0.         -0.06819943  0.
  7.79193722 -0.10821091  1.8103115   0.          0.          0.          0.
  0.          0.          0.          0.          0.          0.          0.
  0.         -0.19611614  0.          0.          0.          0.          0.
  0.          0.          0.          0.          0.          0.
  0.86395967 -0.16608238 -0.47220616 -0.19479244  1.05122739 -0.06819943
  0.          0.          0.          0.         -0.1616424   0.          0.
  0.         -0.04816831  0.          0.          0.          0.          0.
  0.          0.          0.         -0.06819943 -0.04816831  0.          0.
  0.         -0.1757124 ] misclassified as 0
[  0.           0.90532974   0.          -0.02476872  -0.04816831   0.           0.
  -0.50056791   0.          -0.68867826  -0.42324895  -1.28936535
   0.22032632   0.           0.6965599    2.73504311   0.           0.           0.
   0.          -0.14874958   0.           3.12001641   0.           0.10173917
   0.          -0.83691275   0.          -0.71818485   0.          -1.04262978
  -0.51986714   0.           0.           4.87077032  -0.85041422
   0.93418404   0.46235538  -0.68006778   1.5614757    0.           0.           0.
   0.          -0.17329368   0.           0.           0.           0.           0.
  -0.19483198  -0.0836242    3.54841404   6.18718434   0.           1.0854135
  -0.78246997   0.           0.          -0.95000012  -0.99018806   0.           0.
   0.           0.           0.           0.           0.           0.
  -0.1616424    0.           0.           0.           0.           0.           0.
  10.34408043   0.           0.           0.           0.          -0.04816831
   1.17759939  -0.04816831   0.           0.          -0.1616424
  -0.09667365   0.          -0.42465029  -0.04816831   7.79193722   0.
   6.8556546    0.          -0.22604179   1.75370228  -0.04816831
   5.67721492   0.          -0.15393727   5.91607978   0.           0.
  -0.06819943   0.           7.79193722  -0.10821091   1.8103115    0.           0.
   0.           0.           0.           0.           0.           0.           0.
   0.           0.           0.          -0.19611614   0.           0.           0.
   0.           0.           0.           0.           0.           0.           0.
   0.          -0.71018573  -0.20827858  -0.65345158  -0.19479244
   3.61211216  -0.06819943   0.           0.           0.           0.
  -0.1616424    0.           0.           0.          -0.04816831   0.           0.
   0.           0.           0.           0.           0.           0.
  -0.06819943  -0.04816831   0.           0.           0.           5.0593054 ] misclassified as 0
[ 0.          0.90532974  0.          0.73952307 -0.04816831  0.          0.
 -0.03892797  0.         -0.35939449 -0.42324895  1.03067518  0.22032632
  0.         -0.13126369  0.3247236   0.          0.          0.          0.
  0.65310184  0.          8.28971146  0.          0.60859132  0.
 -0.44660846  0.         -0.71818485  0.          0.47603498  1.81381518
  0.          0.          1.50229736  0.04631243  0.19233201  0.46235538
 -0.60045579  0.143345    0.          0.          0.          0.
 -0.17329368  0.          0.          0.          0.          0.
 -0.19483198 -0.0836242  -0.18357589 -0.1767767   0.          1.51714045
  1.3660069   0.          0.          0.58134335  0.74304226  0.          0.
  0.          0.          0.          0.          0.          0.         -0.1616424
  0.          0.          0.          0.          0.          0.
 -0.09667365  0.          0.          0.          0.         -0.04816831
  1.17759939 -0.04816831  0.          0.         -0.1616424  -0.09667365
  0.          2.35487888 -0.04816831 -0.12833779  0.         -0.14586499
  0.         -0.22604179  1.75370228 -0.04816831 -0.17614271  0.
 -0.15393727 -0.16903085  0.          0.         -0.06819943  0.
 -0.12833779 -0.10821091  1.8103115   0.          0.          0.          0.
  0.          0.          0.          0.          0.          0.          0.
  0.         -0.19611614  0.          0.          0.          0.          0.
  0.          0.          0.          0.          0.          0.
 -0.06717544 -0.16608238 -0.50551149 -0.19479244  1.05122739 -0.06819943
  0.          0.          0.          0.         -0.1616424   0.          0.
  0.         -0.04816831  0.          0.          0.          0.          0.
  0.          0.          0.         -0.06819943 -0.04816831  0.          0.
  0.         -0.1757124 ] misclassified as 0
