[ 0.         -0.62363534 -0.38023455 -0.33092482  0.          0.          0.
 -0.57536666  0.         -0.33186849  0.2619049  -0.6220108   0.47102543
  0.         -0.3531216   0.66314137  0.          0.          0.          0.
  0.53501836  0.         -0.79726506  0.          0.34543899  0.
 -0.68984559  0.         -0.9486833   0.         -0.21823833 -0.37369295
 -0.08920516  0.         -0.08994309 -0.7049367  -0.32286283 -0.36565237
 -0.60549696 -0.45531134  0.          0.          0.          0.
  2.57193788 -0.08920516 -0.11547005  0.          0.          0.
  0.15642065  0.67719129 -0.55180421 -0.57170562  0.          0.26674292
 -0.30713876  0.          0.          3.14491218  3.2927747   0.          0.
  0.          0.          0.          0.          0.          0.
 -0.18820824  0.          0.          0.          0.          0.          0.
  0.          0.          0.         -0.13699181  0.          0.
 -0.24789618 -0.05136655 -0.28743883  0.          3.29772649 -0.26537245
  0.         -0.32349832  0.         -0.19557956  0.          3.54562104
  0.         -0.20272121 -0.74657689 -0.27100983 -0.58545383 -0.27100983
 -0.34299717 -0.51639778  0.          0.         -0.27656329  0.
 -0.45846601 -0.42008403 -0.57329864  0.          0.          0.
 -0.26537245 -0.22941573  0.          0.          0.          0.          0.
  0.          0.         -0.14664712  0.          0.          0.          0.
  0.          0.          0.          0.          0.          0.          0.
 -0.11522293 -0.16807636 -0.56979173 -0.14649219 -0.22784683  0.          0.
  0.          0.          0.         -0.18057878 -0.0727393  -0.0727393   0.
  0.         -0.22941573  0.          0.          0.          0.          0.
  0.         -0.20965697 -0.39371969 -0.36650833  0.          0.          0.
 -0.49665476] misclassified as 0
[  0.00000000e+00   2.10806312e-01  -3.80234550e-01   5.18747021e-01
   0.00000000e+00   0.00000000e+00   0.00000000e+00  -5.22756430e-01
   0.00000000e+00  -7.43603023e-01  -2.95131637e-01  -8.98575224e-01
  -2.12302764e+00   0.00000000e+00  -3.53121604e-01   6.63141371e-01
   0.00000000e+00   0.00000000e+00   0.00000000e+00   0.00000000e+00
  -9.76289660e-01   0.00000000e+00   1.14149912e+00   0.00000000e+00
  -1.28219714e-02   0.00000000e+00  -7.38850129e-01   0.00000000e+00
  -9.48683298e-01   0.00000000e+00  -1.00218411e+00  -3.73692951e-01
  -8.92051550e-02   0.00000000e+00  -7.53600859e-01  -5.29365176e-01
  -3.22862826e-01  -3.65652372e-01  -6.85393076e-01  -4.55311336e-01
   0.00000000e+00   0.00000000e+00   0.00000000e+00   0.00000000e+00
  -3.29400017e-01  -8.92051550e-02  -1.15470054e-01   0.00000000e+00
   0.00000000e+00   0.00000000e+00  -2.80637055e-01   1.77740496e-03
  -5.51804213e-01  -5.71705624e-01   0.00000000e+00  -2.69971280e-01
  -3.07138762e-01   0.00000000e+00   0.00000000e+00  -4.01279595e-01
  -3.73660635e-01   0.00000000e+00   0.00000000e+00   0.00000000e+00
   0.00000000e+00   0.00000000e+00   0.00000000e+00   0.00000000e+00
   0.00000000e+00  -1.88208245e-01   0.00000000e+00   0.00000000e+00
   0.00000000e+00   0.00000000e+00   0.00000000e+00   0.00000000e+00
   0.00000000e+00   0.00000000e+00   0.00000000e+00  -1.36991810e-01
   0.00000000e+00   0.00000000e+00  -2.47896176e-01  -5.13665497e-02
  -2.87438833e-01   0.00000000e+00  -3.03239217e-01  -2.65372446e-01
   0.00000000e+00  -3.23498320e-01   0.00000000e+00  -1.95579565e-01
   0.00000000e+00  -2.82038037e-01   0.00000000e+00  -2.02721214e-01
  -7.46576888e-01  -2.71009829e-01  -5.85453827e-01  -2.71009829e-01
  -3.42997170e-01  -5.16397779e-01   0.00000000e+00   0.00000000e+00
  -2.76563288e-01   0.00000000e+00  -4.58466011e-01  -4.20084025e-01
  -5.73298638e-01   0.00000000e+00   0.00000000e+00   0.00000000e+00
  -2.65372446e-01  -2.29415734e-01   0.00000000e+00   0.00000000e+00
   0.00000000e+00   0.00000000e+00   0.00000000e+00   0.00000000e+00
   0.00000000e+00  -1.46647115e-01   0.00000000e+00   0.00000000e+00
   0.00000000e+00   0.00000000e+00   0.00000000e+00   0.00000000e+00
   0.00000000e+00   0.00000000e+00   0.00000000e+00   0.00000000e+00
   0.00000000e+00  -8.52813686e-01  -1.51517111e-01  -6.41816597e-01
  -1.46492190e-01   2.06147129e-01   0.00000000e+00   0.00000000e+00
   0.00000000e+00   0.00000000e+00   0.00000000e+00  -1.80578780e-01
  -7.27392967e-02  -7.27392967e-02   0.00000000e+00   0.00000000e+00
  -2.29415734e-01   0.00000000e+00   0.00000000e+00   0.00000000e+00
   0.00000000e+00   0.00000000e+00   0.00000000e+00  -2.09656967e-01
  -3.93719694e-01  -3.66508333e-01   0.00000000e+00   0.00000000e+00
   0.00000000e+00  -4.96654765e-01] misclassified as 0
[ 0.          1.04524796 -0.38023455 -0.33092482  0.          0.          0.
 -0.45260946  0.         -0.34173219 -0.29513164 -0.81057745  0.47102543
  0.         -0.3531216   0.35088149  0.          0.          0.          0.
  0.50200271  0.          2.84970757  0.          0.2737868   0.
 -0.70398151  0.         -0.9486833   0.         -0.37335059 -0.37369295
 -0.08920516  0.         -0.75360086 -0.46468093 -0.32286283 -0.36565237
 -0.6214632   0.24516764  0.          0.          0.          0.
  0.08507683 -0.08920516 -0.11547005  0.          0.          0.
  0.15642065 -0.67363648 -0.55180421 -0.57170562  0.         -0.88335894
 -0.30713876  0.          0.         -0.69679558 -0.70697294  0.          0.
  0.          0.          0.          0.          0.          0.
 -0.18820824  0.          0.          0.          0.          0.          0.
  0.          0.          0.         -0.13699181  0.          0.
 -0.24789618 -0.05136655 -0.28743883  0.         -0.30323922 -0.26537245
  0.         -0.32349832  0.         -0.19557956  0.         -0.28203804
  0.         -0.20272121 -0.74657689 -0.27100983 -0.58545383 -0.27100983
 -0.34299717 -0.51639778  0.          0.         -0.27656329  0.
 -0.45846601 -0.42008403 -0.57329864  0.          0.          0.
 -0.26537245 -0.22941573  0.          0.          0.          0.          0.
  0.          0.         -0.14664712  0.          0.          0.          0.
  0.          0.          0.          0.          0.          0.          0.
 -0.14340055 -0.16807636 -0.58935539 -0.14649219 -0.22784683  0.          0.
  0.          0.          0.         -0.18057878 -0.0727393  -0.0727393   0.
  0.         -0.22941573  0.          0.          0.          0.          0.
  0.         -0.20965697 -0.39371969 -0.36650833  0.          0.          0.
 -0.49665476] misclassified as 0
[ 0.          0.21080631 -0.38023455 -0.33092482  0.          0.          0.
 -0.03172766  0.         -0.35368818 -0.29513164 -0.84200523  0.47102543
  0.         -0.3531216   2.22444076  0.          0.          0.          0.
  0.49998135  0.          0.02539974  0.          0.2737868   0.
 -0.71057828  0.         -0.9486833   0.         -0.40688838  1.14505915
 -0.08920516  0.         -0.75360086  0.01583062 -0.32286283 -0.36565237
 -0.62454611 -0.45531134  0.          0.          0.          0.
  0.08507683 -0.08920516 -0.11547005  0.          0.          0.
  0.15642065 -0.67363648 -0.55180421 -0.57170562  0.          2.64362012
  1.20861097  0.          0.          1.96284825  2.62615009  0.          0.
  0.          0.          0.          0.          0.          0.
 -0.18820824  0.          0.          0.          0.          0.          0.
  0.          0.          0.         -0.13699181  0.          0.
 -0.24789618 -0.05136655 -0.28743883  0.         -0.30323922 -0.26537245
  0.         -0.32349832  0.         -0.19557956  0.         -0.28203804
  0.         -0.20272121 -0.74657689 -0.27100983 -0.58545383 -0.27100983
 -0.34299717 -0.51639778  0.          0.         -0.27656329  0.
 -0.45846601 -0.42008403 -0.57329864  0.          0.          0.
 -0.26537245 -0.22941573  0.          0.          0.          0.          0.
  0.          0.         -0.14664712  0.          0.          0.          0.
  0.          0.          0.          0.          0.          0.          0.
 -0.15168809 -0.01904313 -0.5928528  -0.14649219  0.42314411  0.          0.
  0.          0.          0.         -0.18057878 -0.0727393  -0.0727393   0.
  0.         -0.22941573  0.          0.          0.          0.          0.
  0.         -0.20965697 -0.39371969 -0.36650833  0.          0.          0.
 -0.49665476] misclassified as 0
[ 0.          0.21080631  2.62995564 -0.33092482  0.          0.          0.
 -0.4701462   0.         -0.33635199  0.07622605 -0.76029301  0.47102543
  0.          4.56212417  0.66314137  0.          0.          0.          0.
  0.50806681  0.         -0.19467619  0.          0.2737868   0.
 -0.70021193  0.         -0.9486833   0.         -0.33562058 -0.37369295
 -0.08920516  0.          0.24188579 -0.57556821  6.72816441  7.21332407
 -0.61729316  3.74756253  0.          0.          0.          0.
  0.91403051 -0.08920516 -0.11547005  0.          0.          0.
  0.59347836  0.67719129 -0.55180421 -0.57170562  0.          0.19006947
 -0.30713876  0.          0.         -0.69679558 -0.70697294  0.          0.
  0.          0.          0.          0.          0.          0.
 -0.18820824  0.          0.          0.          0.          0.          0.
  0.          0.          0.         -0.13699181  0.          0.
 -0.24789618 -0.05136655 -0.28743883  0.         -0.30323922 -0.26537245
  0.         -0.32349832  0.         -0.19557956  0.         -0.28203804
  0.         -0.20272121  1.33944677 -0.27100983 -0.58545383 -0.27100983
 -0.34299717 -0.51639778  0.          0.         -0.27656329  0.
 -0.45846601  2.38047614  1.7442916   0.          0.          0.
 -0.26537245 -0.22941573  0.          0.          0.          0.          0.
  0.          0.         -0.14664712  0.          0.          0.          0.
  0.          0.          0.          0.          0.          0.          0.
 -0.12848299 -0.12667824 -0.58454644 -0.14649219  0.20614713  0.          0.
  0.          0.          0.         -0.18057878 -0.0727393  -0.0727393   0.
  0.         -0.22941573  0.          0.          0.          0.          0.
  0.         -0.20965697 -0.39371969 -0.36650833  0.          0.          0.
 -0.49665476] misclassified as 0
[ 0.          0.21080631 -0.38023455 -0.33092482  0.          0.          0.
 -0.03172766  0.         -0.33276519 -0.29513164 -0.65972413  0.47102543
  0.         -0.3531216   2.22444076  0.          0.          0.          0.
  0.5148047   0.          0.02539974  0.          0.34543899  0.
 -0.69267277  0.         -0.9486833   0.         -0.26016056  1.14505915
 -0.08920516  0.         -0.75360086  0.01583062 -0.32286283 -0.36565237
 -0.60846629 -0.45531134  0.          0.          0.          0.
  0.08507683 -0.08920516 -0.11547005  0.          0.          0.
  0.15642065 -0.67363648 -0.55180421 -0.57170562  0.          2.64362012
  1.20861097  0.          0.          1.96284825  2.62615009  0.          0.
  0.          0.          0.          0.          0.          0.
 -0.18820824  0.          0.          0.          0.          0.          0.
  0.          0.          0.         -0.13699181  0.          0.
 -0.24789618 -0.05136655 -0.28743883  0.         -0.30323922 -0.26537245
  0.         -0.32349832  0.         -0.19557956  0.         -0.28203804
  0.         -0.20272121 -0.74657689 -0.27100983 -0.58545383 -0.27100983
 -0.34299717 -0.51639778  0.          0.         -0.27656329  0.
 -0.45846601 -0.42008403 -0.57329864  0.          0.          0.
 -0.26537245 -0.22941573  0.          0.          0.          0.          0.
  0.          0.         -0.14664712  0.          0.          0.          0.
  0.          0.          0.          0.          0.          0.          0.
 -0.11688044 -0.01904313 -0.57361702 -0.14649219  0.42314411  0.          0.
  0.          0.          0.         -0.18057878 -0.0727393  -0.0727393   0.
  0.         -0.22941573  0.          0.          0.          0.          0.
  0.         -0.20965697 -0.39371969 -0.36650833  0.          0.          0.
 -0.49665476] misclassified as 0
[ 0.          1.87968961 -0.38023455 -0.33092482  0.          0.          0.
 -0.60167177  0.         -0.33635199 -0.29513164 -0.71629413  0.47102543
  0.         -0.3531216   0.66314137  0.          0.          0.          0.
  0.50806681  0.         -0.56670932  0.          0.34543899  0.
 -0.69691355  0.         -0.9486833   0.         -0.27692945 -0.37369295
 -0.08920516  0.         -0.75360086 -0.60329003 -0.32286283 -0.36565237
 -0.61253898 -0.45531134  0.          0.          0.          0.
  0.08507683 -0.08920516 -0.11547005  0.          0.          0.
  0.15642065 -0.67363648 -0.55180421 -0.57170562  0.         -0.88335894
 -0.30713876  0.          0.         -0.69679558 -0.70697294  0.          0.
  0.          0.          0.          0.          0.          0.
 -0.18820824  0.          0.          0.          0.          0.          0.
  0.          0.          0.         -0.13699181  0.          0.
 -0.24789618 -0.05136655 -0.28743883  0.         -0.30323922 -0.26537245
  0.         -0.32349832  0.         -0.19557956  0.         -0.28203804
  0.         -0.20272121 -0.74657689 -0.27100983 -0.58545383 -0.27100983
 -0.34299717 -0.51639778  0.          0.         -0.27656329  0.
 -0.45846601 -0.42008403 -0.57329864  0.          0.          0.
 -0.26537245 -0.22941573  0.          0.          0.          0.          0.
  0.          0.         -0.14664712  0.          0.          0.          0.
  0.          0.          0.          0.          0.          0.          0.
 -0.12848299 -0.16807636 -0.57820738 -0.14649219 -0.22784683  0.          0.
  0.          0.          0.         -0.18057878 -0.0727393  -0.0727393   0.
  0.         -0.22941573  0.          0.          0.          0.          0.
  0.         -0.20965697 -0.39371969 -0.36650833  0.          0.          0.
 -0.49665476] misclassified as 0
[ 0.          0.21080631 -0.38023455 -0.33092482  0.          0.          0.
 -0.28601041  0.         -0.88199365 -0.66648933 -0.90835275 -2.12302764
  0.         -0.3531216   5.65929941  0.          0.          0.          0.
 -1.17842627  0.         -0.13703726  0.         -1.37421364  0.         -0.7063375
  0.         -0.9486833   0.         -0.90995519 -0.37369295 -0.08920516
  0.         -0.42177198 -0.1505003  -0.32286283 -0.36565237 -0.64883622
 -0.45531134  0.          0.          0.          0.         -0.74387686
 -0.08920516 -0.11547005  0.          0.          0.         -0.71769476
 -0.67363648 -0.55180421 -0.57170562  0.         -0.88335894 -0.30713876
  0.          0.         -0.4012796  -0.70697294  0.          0.          0.
  0.          0.          0.          0.          0.         -0.18820824
  0.          0.          0.          0.          0.          0.          0.
  0.          0.         -0.13699181  0.          0.          4.03394686
 -0.05136655 -0.28743883  0.         -0.30323922 -0.26537245  0.
 -0.32349832  0.         -0.19557956  0.         -0.28203804  0.
 -0.20272121 -0.74657689 -0.27100983 -0.58545383 -0.27100983 -0.34299717
 -0.51639778  0.          0.         -0.27656329  0.         -0.45846601
 -0.42008403 -0.57329864  0.          0.          0.         -0.26537245
 -0.22941573  0.          0.          0.          0.          0.          0.
  0.         -0.14664712  0.          0.          0.          0.          0.
  0.          0.          0.          0.          0.          0.
 -1.20089022 -0.16807636 -0.62782694 -0.14649219 -0.22784683  0.          0.
  0.          0.          0.         -0.18057878 -0.0727393  -0.0727393   0.
  0.         -0.22941573  0.          0.          0.          0.          0.
  0.         -0.20965697 -0.39371969 -0.36650833  0.          0.          0.
 -0.49665476] misclassified as 1
[ 0.          0.21080631 -0.38023455 -0.33092482  0.          0.          0.
 -0.39123087  0.          0.07657814 -0.48081048  0.26215727  0.47102543
  0.         -0.3531216  -0.58589814  0.          0.          0.          0.
 -0.37190121  0.         -0.13703726  0.         -0.58603952  0.
  0.97583769  0.          1.05409255  0.          0.23032958 -0.37369295
 -0.08920516  0.          0.57371467  0.17292093 -0.32286283 -0.36565237
  0.94928084 -0.45531134  0.          0.          0.          0.
 -0.74387686 -0.08920516 -0.11547005  0.          0.          0.
 -0.71769476 -0.67363648  2.40151411  2.36408001  0.          1.80021208
 -0.30713876  0.          0.         -0.69679558 -0.70697294  0.          0.
  0.          0.          0.          0.          0.          0.
 -0.18820824  0.          0.          0.          0.          0.          0.
  0.          0.          0.         -0.13699181  0.          0.
 -0.24789618 -0.05136655 -0.28743883  0.         -0.30323922 -0.26537245
  0.         -0.32349832  0.         -0.19557956  0.         -0.28203804
  0.         -0.20272121  1.33944677 -0.27100983  1.70807663 -0.27100983
 -0.34299717  1.93649167  0.          0.         -0.27656329  0.
 -0.45846601 -0.42008403  1.7442916   0.          0.          0.
 -0.26537245 -0.22941573  0.          0.          0.          0.          0.
  0.          0.         -0.14664712  0.          0.          0.          0.
  0.          0.          0.          0.          0.          0.          0.
  0.50468481 -0.16807636  0.74600099 -0.14649219  0.85713806  0.          0.
  0.          0.          0.         -0.18057878 -0.0727393  -0.0727393   0.
  0.         -0.22941573  0.          0.          0.          0.          0.
  0.         -0.20965697 -0.39371969 -0.36650833  0.          0.          0.
  2.27876892] misclassified as 1
[  0.          -0.62363534  -0.38023455  -0.33092482   0.           0.           0.
  -0.04049603   0.           0.54809264   0.81894143   0.38018602
   0.47102543   0.           0.13840297   0.03862162   0.           0.           0.
   0.           0.4548375    0.           0.42363238   0.          -1.08760487
   0.           1.39803068   0.          -0.9486833    0.           0.87593199
  -0.37369295  -0.08920516   0.          -0.75360086  -0.4277185
  -0.32286283  -0.36565237   2.24509397  -0.45531134   0.           0.           0.
   0.           0.08507683  -0.08920516  -0.11547005   0.           0.           0.
   0.15642065   0.67719129  -0.55180421  -0.57170562   0.          -0.34664474
  -0.30713876   0.           0.          -0.69679558  -0.70697294   0.           0.
   0.           0.           0.           0.           0.           0.
  -0.18820824   0.           0.           0.           0.           0.           0.
   0.           0.           0.          -0.13699181   0.           0.
  -0.24789618  -0.05136655  -0.28743883   0.          -0.30323922
  -0.26537245   0.          -0.32349832   0.          -0.19557956   0.
  -0.28203804   0.          -0.20272121  -0.74657689  -0.27100983
  -0.58545383  -0.27100983  -0.34299717  -0.51639778   0.           0.
  -0.27656329   0.          -0.45846601  -0.42008403  -0.57329864   0.           0.
   0.          -0.26537245  -0.22941573   0.           0.           0.           0.
   0.           0.           0.          -0.14664712   0.           0.           0.
   0.           0.           0.           0.           0.           0.           0.
   0.           1.2721107   -0.02732276   1.65729593  -0.14649219
  18.86788723   0.           0.           0.           0.           0.
  -0.18057878  -0.0727393   -0.0727393    0.           0.          -0.22941573
   0.           0.           0.           0.           0.           0.
  -0.20965697   2.53987803  -0.36650833   0.           0.           0.
  -0.49665476] misclassified as 1
