[  0.00000000e+00   6.59439122e-01   0.00000000e+00   1.50489458e+01
   0.00000000e+00   0.00000000e+00  -7.71422079e-01   2.45166748e+00
   0.00000000e+00   3.80591921e-01   1.90222344e+00   5.10978386e-01
   2.47435830e-01   0.00000000e+00   5.24479786e+00   4.71508326e-01
  -7.71422079e-01  -7.71422079e-01  -7.71422079e-01  -7.71422079e-01
  -2.62804354e-01   0.00000000e+00   7.19454880e-04   0.00000000e+00
   2.03175858e-01   0.00000000e+00   1.38678348e+00   0.00000000e+00
   8.16496581e-01   0.00000000e+00   9.29026412e-01   1.57291082e+00
  -1.08042361e-01   0.00000000e+00  -4.76094180e-01   7.14050904e+00
  -1.38925742e-01   3.03835459e+00   1.33914787e+00   1.97935077e+00
   0.00000000e+00   0.00000000e+00   0.00000000e+00   0.00000000e+00
   3.67945990e+00  -1.08042361e-01  -1.08042361e-01   0.00000000e+00
  -7.71422079e-01  -7.71422079e-01   9.77706278e-01   9.01861982e-01
  -1.39037882e-01  -1.93779640e-01   0.00000000e+00   8.76332692e+00
  -3.91610370e-01  -7.71422079e-01  -7.71422079e-01   3.28099740e-01
   1.44639339e-02   0.00000000e+00   0.00000000e+00   0.00000000e+00
   0.00000000e+00   0.00000000e+00   0.00000000e+00   0.00000000e+00
   0.00000000e+00  -2.19970673e-01   0.00000000e+00   0.00000000e+00
   0.00000000e+00   0.00000000e+00   0.00000000e+00   0.00000000e+00
   0.00000000e+00   0.00000000e+00   0.00000000e+00   0.00000000e+00
   0.00000000e+00   0.00000000e+00   5.61248608e+00   0.00000000e+00
   0.00000000e+00  -6.21369766e-02  -7.77777778e-01   1.13578167e+01
   0.00000000e+00  -6.21369766e-02   0.00000000e+00  -6.21369766e-02
   0.00000000e+00  -8.80450906e-02   0.00000000e+00  -7.84159953e-01
  -9.77183308e-01   0.00000000e+00  -8.63114386e-01   0.00000000e+00
  -8.42927230e-01  -9.92337052e-01   0.00000000e+00   0.00000000e+00
   0.00000000e+00   0.00000000e+00  -7.90569415e-01  -1.01550480e+00
  -8.42927230e-01   0.00000000e+00   0.00000000e+00   0.00000000e+00
  -8.80450906e-02  -6.21369766e-02   0.00000000e+00   0.00000000e+00
  -8.80450906e-02   0.00000000e+00   0.00000000e+00   0.00000000e+00
   0.00000000e+00  -2.00000000e-01   0.00000000e+00   0.00000000e+00
   0.00000000e+00   0.00000000e+00   0.00000000e+00   0.00000000e+00
   0.00000000e+00   0.00000000e+00   0.00000000e+00   0.00000000e+00
   0.00000000e+00   1.21004542e+00  -1.57231259e-01   1.13398070e+00
  -1.99505868e-01   6.23539447e-02   0.00000000e+00   0.00000000e+00
   0.00000000e+00   0.00000000e+00   0.00000000e+00  -2.00000000e-01
  -8.80450906e-02  -6.21369766e-02   0.00000000e+00   0.00000000e+00
  -6.21369766e-02   0.00000000e+00   0.00000000e+00   0.00000000e+00
  -6.21369766e-02   0.00000000e+00   0.00000000e+00   0.00000000e+00
  -2.00000000e-01  -1.08042361e-01   0.00000000e+00   0.00000000e+00
   0.00000000e+00  -1.94313759e-01] misclassified as 1
