[ 0.          0.25900927 -0.36650833 -0.21583306  0.          0.          0.
 -0.54223421  0.          0.59841302 -0.28952727  1.70777832  0.50410853
  0.         -0.38151602 -0.29336044  0.          0.          0.          0.
  2.29622373  0.         -0.47877012  0.          2.03059424  0.
 -0.29146446  0.          1.1055416   0.          2.2733103   1.90185295
  9.69535971  0.          0.7093614  -0.43501829 -0.34420127 -0.38891112
 -0.5017153  -0.4989465   0.          0.          0.          0.
  0.54539466  9.69535971  6.42045343  0.          0.          0.
 -0.21751449  0.02882937  2.14654787  3.67370138  0.         -0.07615204
  0.77803202  0.          0.         -0.67773343 -0.66351833  0.          0.
  0.          0.          0.          0.          0.          0.
 -0.20965697  0.          0.          0.          0.          0.          0.
  0.          0.          0.         -0.1266601   0.          0.
 -0.19557956 -0.0727393  -0.31851103 -0.05136655 -0.24789618 -0.22298824
  0.         -0.35250582  0.         -0.16439899 -0.05136655 -0.27100983
  0.         -0.20965697  1.38675049 -0.22941573  1.87718127 -0.22941573
 -0.30838428 -0.47934691  0.          0.         -0.22298824  0.
  2.51151196 -0.41137668  1.8489469   0.          0.          0.
 -0.22941573 -0.20272121  0.          0.         -0.0727393   0.          0.
  0.          0.         -0.17265659  0.          0.          0.          0.
  0.          0.          0.          0.          0.          0.          0.
  1.52773014 -0.18243173 -0.38498312 -0.17187659  0.1972567   0.          0.
  0.          0.          0.         -0.20272121 -0.08920516 -0.0727393   0.
  0.         -0.18057878  0.          0.          0.          0.          0.
  0.         -0.17265659 -0.34776997 -0.31347392  0.          0.          0.
  3.3918073 ] misclassified as 0
[ 0.         -0.71548105 -0.36650833 -0.21583306  0.          0.          0.
 -0.47213759  0.          0.60123099 -0.79420783  1.73783509  0.50410853
  0.         -0.38151602  0.0162978   0.          0.          0.          0.
  2.32031901  0.         -0.78598323  0.          2.03059424  0.
 -0.28195644  0.         -0.90453403  0.          2.27757062 -0.35836322
 -0.10314212  0.         -0.36886793 -0.66617802 -0.34420127 -0.38891112
 -0.49376043 -0.4989465   0.          0.          0.          0.
 -0.30052359 -0.10314212 -0.15575224  0.          0.          0.
 -0.21751449  0.02882937 -0.51909981 -0.53113755  0.         -0.66671888
 -0.32104667  0.          0.         -0.67773343 -0.66351833  0.          0.
  0.          0.          0.          0.          0.          0.
 -0.20965697  0.          0.          0.          0.          0.          0.
  0.          0.          0.         -0.1266601   0.          0.
 -0.19557956 -0.0727393  -0.31851103 -0.05136655 -0.24789618 -0.22298824
  0.         -0.35250582  0.         -0.16439899 -0.05136655 -0.27100983
  0.          4.76969601 -0.72111026 -0.22941573 -0.5327136  -0.22941573
 -0.30838428 -0.47934691  0.          0.         -0.22298824  0.
 -0.39816653 -0.41137668 -0.54084841  0.          0.          0.
 -0.22941573 -0.20272121  0.          0.         -0.0727393   0.          0.
  0.          0.         -0.17265659  0.          0.          0.          0.
  0.          0.          0.          0.          0.          0.          0.
  1.53283296 -0.18243173 -0.37662086 -0.17187659 -0.7281451   0.          0.
  0.          0.          0.         -0.20272121 -0.08920516 -0.0727393   0.
  0.         -0.18057878  0.          0.          0.          0.          0.
  0.         -0.17265659 -0.34776997 -0.31347392  0.          0.          0.
 -0.45561591] misclassified as 0
[ 0.         -0.71548105 -0.36650833 -0.21583306  0.          0.          0.
 -0.54223421  0.          0.60123099 -0.54186755  1.73354126  0.50410853
  0.         -0.38151602 -0.60301868  0.          0.          0.          0.
  2.32031901  0.         -0.80681124  0.          2.03059424  0.
 -0.28295728  0.         -0.90453403  0.          2.27757062 -0.35836322
 -0.10314212  0.         -0.00945815 -0.72165636 -0.34420127 -0.38891112
 -0.49390185  0.2655683   0.          0.          0.          0.
  0.12243554 -0.10314212 -0.15575224  0.          0.          0.
 -0.21751449  0.75917332 -0.51909981 -0.53113755  0.         -0.66671888
 -0.32104667  0.          0.         -0.02573671 -0.00776549  0.          0.
  0.          0.          0.          0.          0.          0.
 -0.20965697  0.          0.          0.          0.          0.          0.
  0.          0.          0.         -0.1266601   0.          0.
 -0.19557956 -0.0727393  -0.31851103 -0.05136655  4.03394686 -0.22298824
  0.         -0.35250582  0.         -0.16439899 -0.05136655 -0.27100983
  0.          4.76969601 -0.72111026 -0.22941573 -0.5327136  -0.22941573
 -0.30838428 -0.47934691  0.          0.         -0.22298824  0.
 -0.39816653 -0.41137668 -0.54084841  0.          0.          0.
 -0.22941573 -0.20272121  0.          0.         -0.0727393   0.          0.
  0.          0.         -0.17265659  0.          0.          0.          0.
  0.          0.          0.          0.          0.          0.          0.
  1.53283296 -0.18243173 -0.37709197 -0.17187659 -0.7281451   0.          0.
  0.          0.          0.         -0.20272121 -0.08920516 -0.0727393   0.
  0.         -0.18057878  0.          0.          0.          0.          0.
  0.         -0.17265659 -0.34776997 -0.31347392  0.          0.          0.
 -0.45561591] misclassified as 0
[  0.          -0.71548105  -0.36650833  -0.21583306   0.           0.           0.
  -0.53347213   0.           0.59622126  -0.28952727   1.70777832
   0.50410853   0.          -0.38151602  -0.60301868   0.           0.           0.
   0.           2.28149884   0.          -0.47356312   0.           2.03059424
   0.          -0.29146446   0.           1.1055416    0.           2.26904997
   1.90185295   9.69535971   0.           0.34995163  -0.51823579
  -0.34420127  -0.38891112  -0.50233401  -0.4989465    0.           0.           0.
   0.           0.54539466   9.69535971   6.42045343   0.           0.           0.
  -0.21751449   0.02882937   2.14654787   3.67370138   0.          -0.07615204
   0.77803202   0.           0.          -0.67773343  -0.66351833   0.           0.
   0.           0.           0.           0.           0.           0.
  -0.20965697   0.           0.           0.           0.           0.           0.
   0.           0.           0.          -0.1266601    0.           0.
  -0.19557956  -0.0727393   -0.31851103  -0.05136655  -0.24789618
  -0.22298824   0.          -0.35250582   0.          -0.16439899
  -0.05136655  -0.27100983   0.          -0.20965697   1.38675049
  -0.22941573   1.87718127  -0.22941573  -0.30838428  -0.47934691   0.           0.
  -0.22298824   0.           2.51151196  -0.41137668  -0.54084841   0.           0.
   0.          -0.22941573   4.93288286   0.           0.          13.74772708
   0.           0.           0.           0.          -0.17265659   0.           0.
   0.           0.           0.           0.           0.           0.           0.
   0.           0.           1.52432826  -0.18243173  -0.38498312
  -0.17187659   0.1972567    0.           0.           0.           0.           0.
  -0.20272121  -0.08920516  -0.0727393    0.           0.          -0.18057878
   0.           0.           0.           0.           0.           0.
  -0.17265659   2.87546391   3.19005809   0.           0.           0.
   3.3918073 ] misclassified as 0
[  0.00000000e+00  -7.15481054e-01  -3.66508333e-01  -2.15833056e-01
   0.00000000e+00   0.00000000e+00   0.00000000e+00  -5.86044593e-01
   0.00000000e+00   5.63501441e-01  -7.94207834e-01   1.70777832e+00
   5.04108533e-01   0.00000000e+00  -3.97412525e-03   3.73219672e+00
   0.00000000e+00   0.00000000e+00   0.00000000e+00   0.00000000e+00
   1.92073896e+00   0.00000000e+00  -6.87050194e-01   0.00000000e+00
   2.03059424e+00   0.00000000e+00  -2.91464463e-01   0.00000000e+00
  -9.04534034e-01   0.00000000e+00   2.15402115e+00  -3.58363223e-01
  -1.03142125e-01   0.00000000e+00  -3.68867930e-01  -6.01453294e-01
   1.27057011e+00   7.83995429e-01  -5.12693026e-01   3.32362747e+00
   0.00000000e+00   0.00000000e+00   0.00000000e+00   0.00000000e+00
   1.22435537e-01  -1.03142125e-01  -1.55752239e-01   0.00000000e+00
   0.00000000e+00   0.00000000e+00   2.49465768e-01  -7.01514584e-01
  -5.19099811e-01  -5.31137549e-01   0.00000000e+00  -2.73007653e-01
  -3.21046670e-01   0.00000000e+00   0.00000000e+00  -6.77733434e-01
  -6.63518333e-01   0.00000000e+00   0.00000000e+00   0.00000000e+00
   0.00000000e+00   0.00000000e+00   0.00000000e+00   0.00000000e+00
   0.00000000e+00  -2.09656967e-01   0.00000000e+00   0.00000000e+00
   0.00000000e+00   0.00000000e+00   0.00000000e+00   0.00000000e+00
   0.00000000e+00   0.00000000e+00   0.00000000e+00  -1.26660099e-01
   0.00000000e+00   0.00000000e+00   5.11300862e+00  -7.27392967e-02
  -3.18511029e-01  -5.13665497e-02  -2.47896176e-01  -2.22988244e-01
   0.00000000e+00  -3.52505823e-01   0.00000000e+00  -1.64398987e-01
  -5.13665497e-02  -2.71009829e-01   0.00000000e+00  -2.09656967e-01
  -7.21110255e-01  -2.29415734e-01  -5.32713604e-01  -2.29415734e-01
  -3.08384281e-01  -4.79346913e-01   0.00000000e+00   0.00000000e+00
  -2.22988244e-01   0.00000000e+00  -3.98166530e-01  -4.11376676e-01
  -5.40848414e-01   0.00000000e+00   0.00000000e+00   0.00000000e+00
  -2.29415734e-01  -2.02721214e-01   0.00000000e+00   0.00000000e+00
  -7.27392967e-02   0.00000000e+00   0.00000000e+00   0.00000000e+00
   0.00000000e+00  -1.72656590e-01   0.00000000e+00   0.00000000e+00
   0.00000000e+00   0.00000000e+00   0.00000000e+00   0.00000000e+00
   0.00000000e+00   0.00000000e+00   0.00000000e+00   0.00000000e+00
   0.00000000e+00   1.46309444e+00  -1.74706742e-01  -3.87220904e-01
  -1.71876588e-01   1.12265850e+00   0.00000000e+00   0.00000000e+00
   0.00000000e+00   0.00000000e+00   0.00000000e+00  -2.02721214e-01
  -8.92051550e-02  -7.27392967e-02   0.00000000e+00   0.00000000e+00
  -1.80578780e-01   0.00000000e+00   0.00000000e+00   0.00000000e+00
   0.00000000e+00   0.00000000e+00   0.00000000e+00  -1.72656590e-01
  -3.47769971e-01  -3.13473916e-01   0.00000000e+00   0.00000000e+00
   0.00000000e+00  -4.55615906e-01] misclassified as 0
[ 0.         -0.71548105 -0.36650833 -0.21583306  0.          0.          0.
 -0.57728252  0.          0.60123099 -0.79420783  1.74427582  0.50410853
  0.         -0.38151602 -0.60301868  0.          0.          0.          0.
  2.32031901  0.         -0.89012327  0.          2.03059424  0.
 -0.28045517  0.         -0.90453403  0.          2.27757062 -0.35836322
 -0.10314212  0.          0.7093614  -0.74939552 -0.34420127 -0.38891112
 -0.4935483  -0.4989465   0.          0.          0.          0.
  0.12243554 -0.10314212 -0.15575224  0.          0.          0.
  0.24946577 -0.70151458  0.81372403  0.87047543  0.         -0.20738912
  0.77803202  0.          0.         -0.67773343 -0.66351833  0.          0.
  0.          0.          0.          0.          0.          0.
 -0.20965697  0.          0.          0.          0.          0.          0.
  0.          0.          0.         -0.1266601   0.          0.
  5.11300862 -0.0727393  -0.31851103 -0.05136655 -0.24789618 -0.22298824
  0.         -0.35250582  0.         -0.16439899 -0.05136655 -0.27100983
  0.         -0.20965697  1.38675049 -0.22941573  1.87718127 -0.22941573
 -0.30838428  2.08617178  0.          0.         -0.22298824  0.
 -0.39816653 -0.41137668 -0.54084841  0.          0.          0.
 -0.22941573 -0.20272121  0.          0.         -0.0727393   0.          0.
  0.          0.         -0.17265659  0.          0.          0.          0.
  0.          0.          0.          0.          0.          0.          0.
  1.53283296 -0.19015672 -0.37591419 -0.17187659 -0.7281451   0.          0.
  0.          0.          0.         -0.20272121 -0.08920516 -0.0727393   0.
  0.         -0.18057878  0.          0.          0.          0.          0.
  0.         -0.17265659 -0.34776997 -0.31347392  0.          0.          0.
  0.8268585 ] misclassified as 0
[ 0.          1.2334996  -0.36650833 -0.21583306  0.          0.          0.
 -0.55099629  0.          0.58667146 -0.54186755  1.70777832  0.50410853
  0.         -0.38151602 -0.60301868  0.          0.          0.          0.
  2.21523682  0.         -0.12990099  0.          2.03059424  0.
 -0.29146446  0.          1.1055416   0.          2.26052932  1.33679891
 -0.10314212  0.          1.78759074 -0.74939552 -0.34420127 -0.38891112
 -0.50388963 -0.4989465   0.          0.          0.          0.
 -0.30052359 -0.10314212 -0.15575224  0.          0.          0.
 -0.21751449 -0.70151458  0.81372403  0.87047543  0.         -0.33862619
 -0.32104667  0.          0.         -0.67773343 -0.66351833  0.          0.
  0.          0.          0.          0.          0.          0.
 -0.20965697  0.          0.          0.          0.          0.          0.
  0.          0.          0.         -0.1266601   0.          0.
 -0.19557956 -0.0727393  -0.31851103 -0.05136655 -0.24789618 -0.22298824
  0.         -0.35250582  0.         -0.16439899 -0.05136655 -0.27100983
  0.         -0.20965697  1.38675049  4.35889894  1.87718127  4.35889894
 -0.30838428  2.08617178  0.          0.         -0.22298824  0.
  2.51151196 -0.41137668  1.8489469   0.          0.          0.
  4.35889894 -0.20272121  0.          0.         -0.0727393   0.          0.
  0.          0.         -0.17265659  0.          0.          0.          0.
  0.          0.          0.          0.          0.          0.          0.
  1.51072075 -0.18243173 -0.38510089 -0.17187659  0.1972567   0.          0.
  0.          0.          0.         -0.20272121 -0.08920516 -0.0727393   0.
  0.         -0.18057878  0.          0.          0.          0.          0.
  0.         -0.17265659  2.87546391  3.19005809  0.          0.          0.
  0.8268585 ] misclassified as 0
[ 0.          0.25900927 -0.36650833  0.25552649  0.          0.          0.
 -0.41080306  0.          0.58667146 -0.28952727  1.70777832  0.50410853
  0.         -0.38151602 -0.60301868  0.          0.          0.          0.
  2.05058575  0.         -0.12990099  0.          2.03059424  0.
 -0.29146446  0.          1.1055416   0.          2.26052932  1.33679891
 -0.10314212  0.          2.5064103   0.04579396  1.27057011  0.78399543
 -0.50841507  0.2655683   0.          0.          0.          0.
  0.12243554 -0.10314212 -0.15575224  0.          0.          0.
  0.24946577  0.02882937  0.81372403  0.87047543  0.         -0.07615204
 -0.32104667  0.          0.         -0.02573671 -0.33564191  0.          0.
  0.          0.          0.          0.          0.          0.
 -0.20965697  0.          0.          0.          0.          0.          0.
  0.          0.          0.         -0.1266601   0.          0.
 -0.19557956 -0.0727393  -0.31851103 -0.05136655 -0.24789618  4.48454135
  0.         -0.35250582  0.         -0.16439899 -0.05136655 -0.27100983
  0.         -0.20965697  1.38675049  4.35889894  1.87718127  4.35889894
 -0.30838428  2.08617178  0.          0.          4.48454135  0.
  2.51151196 -0.41137668  1.8489469   0.          0.          0.
  4.35889894  4.93288286  0.          0.         -0.0727393   0.          0.
  0.          0.         -0.17265659  0.          0.          0.          0.
  0.          0.          0.          0.          0.          0.          0.
  1.51072075 -0.17470674 -0.38510089 -0.17187659  1.1226585   0.          0.
  0.          0.          0.         -0.20272121 -0.08920516 -0.0727393   0.
  0.         -0.18057878  0.          0.          0.          0.          0.
  0.         -0.17265659  2.87546391  3.19005809  0.          0.          0.
  0.8268585 ] misclassified as 0
[ 0.          0.25900927 -0.36650833 -0.21583306  0.          0.          0.
 -0.44585136  0.          0.60060478  0.71983386  1.70777832  0.50410853
  0.         -0.38151602  0.0162978   0.          0.          0.          0.
  2.32031901  0.         -0.56728915  0.          2.03059424  0.
 -0.29146446  0.         -0.90453403  0.          2.27757062 -0.35836322
 -0.10314212  0.          0.7093614  -0.55522135 -0.34420127 -0.38891112
 -0.49902832 -0.4989465   0.          0.          0.          0.
  0.54539466 -0.10314212  6.42045343  0.          0.          0.
  0.71644602  0.75917332  2.59082248  2.27208841  0.          0.25194065
 -0.32104667  0.          0.         -0.02573671 -0.00776549  0.          0.
  0.          0.          0.          0.          0.          0.
 -0.20965697  0.          0.          0.          0.          0.          0.
  0.          0.          0.         -0.1266601   0.          0.
 -0.19557956 -0.0727393  -0.31851103 -0.05136655 -0.24789618 -0.22298824
  0.         -0.35250582  0.         -0.16439899 -0.05136655 -0.27100983
  0.         -0.20965697 -0.72111026 -0.22941573  1.87718127 -0.22941573
 -0.30838428  2.08617178  0.          0.         -0.22298824  0.
 -0.39816653 -0.41137668 -0.54084841  0.          0.          0.
 -0.22941573 -0.20272121  0.          0.         -0.0727393   0.          0.
  0.          0.         -0.17265659  0.          0.          0.          0.
  0.          0.          0.          0.          0.          0.          0.
  1.53113202 -0.17470674 -0.38286311 -0.17187659 -0.7281451   0.          0.
  0.          0.          0.         -0.20272121 -0.08920516 -0.0727393   0.
  0.         -0.18057878  0.          0.          0.          0.          0.
  0.         -0.17265659 -0.34776997 -0.31347392  0.          0.          0.
  3.3918073 ] misclassified as 0
[ 0.          0.25900927 -0.36650833  0.25552649  0.          0.          0.
 -0.41080306  0.          0.58667146 -0.28952727  1.70777832  0.50410853
  0.         -0.38151602 -0.60301868  0.          0.          0.          0.
  2.06664927  0.         -0.12990099  0.          2.03059424  0.
 -0.29146446  0.          1.1055416   0.          2.26052932  1.33679891
 -0.10314212  0.          2.5064103   0.04579396  1.27057011  0.78399543
 -0.50783172  0.2655683   0.          0.          0.          0.
  0.12243554 -0.10314212 -0.15575224  0.          0.          0.
  0.24946577  0.02882937  0.81372403  0.87047543  0.         -0.07615204
 -0.32104667  0.          0.         -0.02573671 -0.33564191  0.          0.
  0.          0.          0.          0.          0.          0.
 -0.20965697  0.          0.          0.          0.          0.          0.
  0.          0.          0.         -0.1266601   0.          0.
 -0.19557956 -0.0727393  -0.31851103 -0.05136655 -0.24789618  4.48454135
  0.         -0.35250582  0.         -0.16439899 -0.05136655 -0.27100983
  0.         -0.20965697  1.38675049  4.35889894  1.87718127  4.35889894
 -0.30838428  2.08617178  0.          0.          4.48454135  0.
  2.51151196 -0.41137668  1.8489469   0.          0.          0.
  4.35889894  4.93288286  0.          0.         -0.0727393   0.          0.
  0.          0.         -0.17265659  0.          0.          0.          0.
  0.          0.          0.          0.          0.          0.          0.
  1.51072075 -0.17470674 -0.38510089 -0.17187659  1.1226585   0.          0.
  0.          0.          0.         -0.20272121 -0.08920516 -0.0727393   0.
  0.         -0.18057878  0.          0.          0.          0.          0.
  0.         -0.17265659  2.87546391  3.19005809  0.          0.          0.
  0.8268585 ] misclassified as 0
[  0.00000000e+00   2.59009271e-01  -3.66508333e-01  -2.15833056e-01
   0.00000000e+00   0.00000000e+00   0.00000000e+00  -5.86044593e-01
   0.00000000e+00   5.63501441e-01  -7.94207834e-01   1.70777832e+00
   5.04108533e-01   0.00000000e+00  -3.97412525e-03   3.73219672e+00
   0.00000000e+00   0.00000000e+00   0.00000000e+00   0.00000000e+00
   1.92073896e+00   0.00000000e+00  -7.91190232e-01   0.00000000e+00
   2.03059424e+00   0.00000000e+00  -2.91464463e-01   0.00000000e+00
  -9.04534034e-01   0.00000000e+00   2.15828148e+00  -3.58363223e-01
  -1.03142125e-01   0.00000000e+00  -3.68867930e-01  -7.30902745e-01
   1.27057011e+00   7.83995429e-01  -5.12693026e-01   3.32362747e+00
   0.00000000e+00   0.00000000e+00   0.00000000e+00   0.00000000e+00
   1.22435537e-01  -1.03142125e-01  -1.55752239e-01   0.00000000e+00
   0.00000000e+00   0.00000000e+00   2.49465768e-01  -7.01514584e-01
  -5.19099811e-01  -5.31137549e-01   0.00000000e+00  -2.73007653e-01
  -3.21046670e-01   0.00000000e+00   0.00000000e+00  -6.77733434e-01
  -6.63518333e-01   0.00000000e+00   0.00000000e+00   0.00000000e+00
   0.00000000e+00   0.00000000e+00   0.00000000e+00   0.00000000e+00
   0.00000000e+00  -2.09656967e-01   0.00000000e+00   0.00000000e+00
   0.00000000e+00   0.00000000e+00   0.00000000e+00   0.00000000e+00
   0.00000000e+00   0.00000000e+00   0.00000000e+00  -1.26660099e-01
   0.00000000e+00   0.00000000e+00   5.11300862e+00  -7.27392967e-02
  -3.18511029e-01  -5.13665497e-02  -2.47896176e-01  -2.22988244e-01
   0.00000000e+00  -3.52505823e-01   0.00000000e+00  -1.64398987e-01
  -5.13665497e-02  -2.71009829e-01   0.00000000e+00  -2.09656967e-01
  -7.21110255e-01  -2.29415734e-01  -5.32713604e-01  -2.29415734e-01
  -3.08384281e-01  -4.79346913e-01   0.00000000e+00   0.00000000e+00
  -2.22988244e-01   0.00000000e+00  -3.98166530e-01  -4.11376676e-01
  -5.40848414e-01   0.00000000e+00   0.00000000e+00   0.00000000e+00
  -2.29415734e-01  -2.02721214e-01   0.00000000e+00   0.00000000e+00
  -7.27392967e-02   0.00000000e+00   0.00000000e+00   0.00000000e+00
   0.00000000e+00  -1.72656590e-01   0.00000000e+00   0.00000000e+00
   0.00000000e+00   0.00000000e+00   0.00000000e+00   0.00000000e+00
   0.00000000e+00   0.00000000e+00   0.00000000e+00   0.00000000e+00
   0.00000000e+00   1.46309444e+00  -1.74706742e-01  -3.87220904e-01
  -1.71876588e-01   1.12265850e+00   0.00000000e+00   0.00000000e+00
   0.00000000e+00   0.00000000e+00   0.00000000e+00  -2.02721214e-01
  -8.92051550e-02  -7.27392967e-02   0.00000000e+00   0.00000000e+00
  -1.80578780e-01   0.00000000e+00   0.00000000e+00   0.00000000e+00
   0.00000000e+00   0.00000000e+00   0.00000000e+00  -1.72656590e-01
  -3.47769971e-01  -3.13473916e-01   0.00000000e+00   0.00000000e+00
   0.00000000e+00  -4.55615906e-01] misclassified as 0
[  0.00000000e+00   2.59009271e-01  -3.66508333e-01   2.55526492e-01
   0.00000000e+00   0.00000000e+00   0.00000000e+00  -3.93278902e-01
   0.00000000e+00   5.86671456e-01  -2.89527270e-01   1.70777832e+00
   5.04108533e-01   0.00000000e+00  -3.81516024e-01  -6.03018685e-01
   0.00000000e+00   0.00000000e+00   0.00000000e+00   0.00000000e+00
   2.17240077e+00   0.00000000e+00  -1.29900994e-01   0.00000000e+00
   2.03059424e+00   0.00000000e+00  -2.91464463e-01   0.00000000e+00
   1.10554160e+00   0.00000000e+00   2.26052932e+00   1.33679891e+00
  -1.03142125e-01   0.00000000e+00   2.50641030e+00  -4.37986864e-04
   1.27057011e+00   7.83995429e-01  -5.04879574e-01   2.65568297e-01
   0.00000000e+00   0.00000000e+00   0.00000000e+00   0.00000000e+00
   1.22435537e-01  -1.03142125e-01  -1.55752239e-01   0.00000000e+00
   0.00000000e+00   0.00000000e+00   2.49465768e-01   2.88293665e-02
   8.13724028e-01   8.70475428e-01   0.00000000e+00  -7.61520398e-02
  -3.21046670e-01   0.00000000e+00   0.00000000e+00  -2.57367127e-02
  -3.35641913e-01   0.00000000e+00   0.00000000e+00   0.00000000e+00
   0.00000000e+00   0.00000000e+00   0.00000000e+00   0.00000000e+00
   0.00000000e+00  -2.09656967e-01   0.00000000e+00   0.00000000e+00
   0.00000000e+00   0.00000000e+00   0.00000000e+00   0.00000000e+00
   0.00000000e+00   0.00000000e+00   0.00000000e+00  -1.26660099e-01
   0.00000000e+00   0.00000000e+00  -1.95579565e-01  -7.27392967e-02
  -3.18511029e-01  -5.13665497e-02  -2.47896176e-01   4.48454135e+00
   0.00000000e+00  -3.52505823e-01   0.00000000e+00  -1.64398987e-01
  -5.13665497e-02  -2.71009829e-01   0.00000000e+00  -2.09656967e-01
   1.38675049e+00   4.35889894e+00   1.87718127e+00   4.35889894e+00
  -3.08384281e-01   2.08617178e+00   0.00000000e+00   0.00000000e+00
   4.48454135e+00   0.00000000e+00   2.51151196e+00  -4.11376676e-01
   1.84894690e+00   0.00000000e+00   0.00000000e+00   0.00000000e+00
   4.35889894e+00   4.93288286e+00   0.00000000e+00   0.00000000e+00
  -7.27392967e-02   0.00000000e+00   0.00000000e+00   0.00000000e+00
   0.00000000e+00  -1.72656590e-01   0.00000000e+00   0.00000000e+00
   0.00000000e+00   0.00000000e+00   0.00000000e+00   0.00000000e+00
   0.00000000e+00   0.00000000e+00   0.00000000e+00   0.00000000e+00
   0.00000000e+00   1.51072075e+00  -1.74706742e-01  -3.85100895e-01
  -1.71876588e-01   1.12265850e+00   0.00000000e+00   0.00000000e+00
   0.00000000e+00   0.00000000e+00   0.00000000e+00  -2.02721214e-01
  -8.92051550e-02  -7.27392967e-02   0.00000000e+00   0.00000000e+00
  -1.80578780e-01   0.00000000e+00   0.00000000e+00   0.00000000e+00
   0.00000000e+00   0.00000000e+00   0.00000000e+00  -1.72656590e-01
   2.87546391e+00   3.19005809e+00   0.00000000e+00   0.00000000e+00
   0.00000000e+00   8.26858495e-01] misclassified as 0
[ 0.          1.2334996  -0.36650833 -0.21583306  0.          0.          0.
 -0.1304166   0.          0.56256212  0.21515329  1.70777832  0.50410853
  0.         -0.38151602 -0.60301868  0.          0.          0.          0.
  1.92073896  0.         -0.40066509  0.          2.03059424  0.
 -0.29146446  0.         -0.90453403  0.          2.11567821 -0.35836322
 -0.10314212  0.          1.06877118 -0.40727912 -0.34420127 -0.38891112
 -0.51308193 -0.4989465   0.          0.          0.          0.
  0.12243554 -0.10314212 -0.15575224  0.          0.          0.
  0.24946577  0.75917332  3.47937171  0.87047543  0.          0.84250749
 -0.32104667  0.          0.          0.30026165  0.32011093  0.          0.
  0.          0.          0.          0.          0.          0.
  4.76969601  0.          0.          0.          0.          0.          0.
  0.          0.          0.         -0.1266601   0.          0.
  5.11300862 -0.0727393  -0.31851103 -0.05136655 -0.24789618 -0.22298824
  0.         -0.35250582  0.         -0.16439899 -0.05136655 -0.27100983
  0.         -0.20965697 -0.72111026 -0.22941573  1.87718127 -0.22941573
 -0.30838428  2.08617178  0.          0.         -0.22298824  0.
  2.51151196 -0.41137668  1.8489469   0.          0.          0.
 -0.22941573 -0.20272121  0.          0.         -0.0727393   0.          0.
  0.          0.         -0.17265659  0.          0.          0.          0.
  0.          0.          0.          0.          0.          0.          0.
  1.4613935  -0.11290682 -0.38792757 -0.17187659  0.1972567   0.          0.
  0.          0.          0.          4.93288286 -0.08920516 -0.0727393   0.
  0.         -0.18057878  0.          0.          0.          0.          0.
  0.         -0.17265659  2.87546391 -0.31347392  0.          0.          0.
  3.3918073 ] misclassified as 0
[ 0.          0.25900927 -0.36650833 -0.21583306  0.          0.          0.
 -0.54223421  0.          0.59841302 -0.28952727  1.70777832  0.50410853
  0.         -0.38151602 -0.29336044  0.          0.          0.          0.
  2.28886128  0.         -0.47877012  0.          2.03059424  0.
 -0.29146446  0.          1.1055416   0.          2.2733103   1.90185295
  9.69535971  0.          1.06877118 -0.43501829 -0.34420127 -0.38891112
 -0.50182137 -0.4989465   0.          0.          0.          0.
  0.54539466  9.69535971  6.42045343  0.          0.          0.
 -0.21751449  0.02882937  2.14654787  3.67370138  0.         -0.07615204
  0.77803202  0.          0.         -0.67773343 -0.66351833  0.          0.
  0.          0.          0.          0.          0.          0.
 -0.20965697  0.          0.          0.          0.          0.          0.
  0.          0.          0.         -0.1266601   0.          0.
 -0.19557956 -0.0727393  -0.31851103 -0.05136655 -0.24789618 -0.22298824
  0.         -0.35250582  0.         -0.16439899 -0.05136655 -0.27100983
  0.         -0.20965697  1.38675049 -0.22941573  1.87718127 -0.22941573
 -0.30838428  2.08617178  0.          0.         -0.22298824  0.
  2.51151196 -0.41137668  1.8489469   0.          0.          0.
 -0.22941573 -0.20272121  0.          0.         -0.0727393   0.          0.
  0.          0.         -0.17265659  0.          0.          0.          0.
  0.          0.          0.          0.          0.          0.          0.
  1.52773014 -0.18243173 -0.38498312 -0.17187659  0.1972567   0.          0.
  0.          0.          0.         -0.20272121 -0.08920516 -0.0727393   0.
  0.         -0.18057878  0.          0.          0.          0.          0.
  0.         -0.17265659 -0.34776997 -0.31347392  0.          0.          0.
  3.3918073 ] misclassified as 0
[ 0.          0.25900927 -0.36650833 -0.21583306  0.          0.          0.
 -0.48966175  0.          0.60060478 -0.79420783  1.72065979  0.50410853
  0.         -0.38151602 -0.60301868  0.          0.          0.          0.
  2.32031901  0.         -0.72870621  0.          2.03059424  0.
 -0.28445855  0.         -0.90453403  0.          2.27757062 -0.35836322
 -0.10314212  0.         -0.36886793 -0.71240997 -0.34420127 -0.38891112
 -0.49418469 -0.4989465   0.          0.          0.          0.
 -0.30052359 -0.10314212 -0.15575224  0.          0.          0.
 -0.21751449  0.02882937 -0.51909981 -0.53113755  0.         -0.60110034
 -0.32104667  0.          0.         -0.67773343 -0.66351833  0.          0.
  0.          0.          0.          0.          0.          0.
 -0.20965697  0.          0.          0.          0.          0.          0.
  0.          0.          0.         -0.1266601   0.          0.
 -0.19557956 -0.0727393  -0.31851103 -0.05136655 -0.24789618 -0.22298824
  0.         -0.35250582  0.         -0.16439899 -0.05136655 -0.27100983
  0.          4.76969601 -0.72111026 -0.22941573 -0.5327136  -0.22941573
 -0.30838428 -0.47934691  0.          0.         -0.22298824  0.
 -0.39816653 -0.41137668 -0.54084841  0.          0.          0.
 -0.22941573 -0.20272121  0.          0.         -0.0727393   0.          0.
  0.          0.         -0.17265659  0.          0.          0.          0.
  0.          0.          0.          0.          0.          0.          0.
  1.53113202 -0.16698175 -0.37779864 -0.17187659 -0.7281451   0.          0.
  0.          0.          0.         -0.20272121 -0.08920516 -0.0727393   0.
  0.         -0.18057878  0.          0.          0.          0.          0.
  0.         -0.17265659 -0.34776997 -0.31347392  0.          0.          0.
 -0.45561591] misclassified as 0
[  0.00000000e+00   2.59009271e-01  -3.66508333e-01   2.55526492e-01
   0.00000000e+00   0.00000000e+00   0.00000000e+00  -4.10803056e-01
   0.00000000e+00   5.86671456e-01  -7.94207834e-01   1.70777832e+00
   5.04108533e-01   0.00000000e+00  -3.81516024e-01  -6.03018685e-01
   0.00000000e+00   0.00000000e+00   0.00000000e+00   0.00000000e+00
   1.98700098e+00   0.00000000e+00  -1.29900994e-01   0.00000000e+00
   2.03059424e+00   0.00000000e+00  -2.91464463e-01   0.00000000e+00
   1.10554160e+00   0.00000000e+00   2.26052932e+00   1.33679891e+00
  -1.03142125e-01   0.00000000e+00   2.50641030e+00  -4.37986864e-04
  -3.44201267e-01  -3.88911118e-01  -5.10165145e-01  -4.98946497e-01
   0.00000000e+00   0.00000000e+00   0.00000000e+00   0.00000000e+00
  -7.23482716e-01  -1.03142125e-01  -1.55752239e-01   0.00000000e+00
   0.00000000e+00   0.00000000e+00  -6.84494743e-01  -7.01514584e-01
   8.13724028e-01   8.70475428e-01   0.00000000e+00  -3.38626191e-01
  -3.21046670e-01   0.00000000e+00   0.00000000e+00  -6.77733434e-01
  -6.63518333e-01   0.00000000e+00   0.00000000e+00   0.00000000e+00
   0.00000000e+00   0.00000000e+00   0.00000000e+00   0.00000000e+00
   0.00000000e+00  -2.09656967e-01   0.00000000e+00   0.00000000e+00
   0.00000000e+00   0.00000000e+00   0.00000000e+00   0.00000000e+00
   0.00000000e+00   0.00000000e+00   0.00000000e+00  -1.26660099e-01
   0.00000000e+00   0.00000000e+00  -1.95579565e-01  -7.27392967e-02
  -3.18511029e-01  -5.13665497e-02  -2.47896176e-01   4.48454135e+00
   0.00000000e+00  -3.52505823e-01   0.00000000e+00  -1.64398987e-01
  -5.13665497e-02  -2.71009829e-01   0.00000000e+00  -2.09656967e-01
   1.38675049e+00   4.35889894e+00   1.87718127e+00   4.35889894e+00
  -3.08384281e-01   2.08617178e+00   0.00000000e+00   0.00000000e+00
   4.48454135e+00   0.00000000e+00   2.51151196e+00  -4.11376676e-01
   1.84894690e+00   0.00000000e+00   0.00000000e+00   0.00000000e+00
   4.35889894e+00  -2.02721214e-01   0.00000000e+00   0.00000000e+00
  -7.27392967e-02   0.00000000e+00   0.00000000e+00   0.00000000e+00
   0.00000000e+00  -1.72656590e-01   0.00000000e+00   0.00000000e+00
   0.00000000e+00   0.00000000e+00   0.00000000e+00   0.00000000e+00
   0.00000000e+00   0.00000000e+00   0.00000000e+00   0.00000000e+00
   0.00000000e+00   1.51072075e+00  -1.82431732e-01  -3.85100895e-01
  -1.71876588e-01   1.97256700e-01   0.00000000e+00   0.00000000e+00
   0.00000000e+00   0.00000000e+00   0.00000000e+00  -2.02721214e-01
  -8.92051550e-02  -7.27392967e-02   0.00000000e+00   0.00000000e+00
  -1.80578780e-01   0.00000000e+00   0.00000000e+00   0.00000000e+00
   0.00000000e+00   0.00000000e+00   0.00000000e+00  -1.72656590e-01
   2.87546391e+00   3.19005809e+00   0.00000000e+00   0.00000000e+00
   0.00000000e+00   8.26858495e-01] misclassified as 0
[  0.00000000e+00   2.59009271e-01  -3.66508333e-01   2.55526492e-01
   0.00000000e+00   0.00000000e+00   0.00000000e+00  -5.50996285e-01
   0.00000000e+00   5.62562116e-01  -2.89527270e-01   1.70777832e+00
   5.04108533e-01   0.00000000e+00  -3.97412525e-03   3.73219672e+00
   0.00000000e+00   0.00000000e+00   0.00000000e+00   0.00000000e+00
   1.92073896e+00   0.00000000e+00  -4.78770119e-01   0.00000000e+00
   2.03059424e+00   0.00000000e+00  -2.91464463e-01   0.00000000e+00
  -9.04534034e-01   0.00000000e+00   2.12845919e+00  -3.58363223e-01
  -1.03142125e-01   0.00000000e+00  -9.45815206e-03  -5.36728569e-01
   1.27057011e+00   7.83995429e-01  -5.12887479e-01   4.08814227e+00
   0.00000000e+00   0.00000000e+00   0.00000000e+00   0.00000000e+00
   5.45394663e-01  -1.03142125e-01  -1.55752239e-01   0.00000000e+00
   0.00000000e+00   0.00000000e+00   7.16446023e-01   2.88293665e-02
  -5.19099811e-01  -5.31137549e-01   0.00000000e+00  -2.73007653e-01
  -3.21046670e-01   0.00000000e+00   0.00000000e+00  -6.77733434e-01
  -6.63518333e-01   0.00000000e+00   0.00000000e+00   0.00000000e+00
   0.00000000e+00   0.00000000e+00   0.00000000e+00   0.00000000e+00
   0.00000000e+00  -2.09656967e-01   0.00000000e+00   0.00000000e+00
   0.00000000e+00   0.00000000e+00   0.00000000e+00   0.00000000e+00
   0.00000000e+00   0.00000000e+00   0.00000000e+00  -1.26660099e-01
   0.00000000e+00   0.00000000e+00   5.11300862e+00  -7.27392967e-02
  -3.18511029e-01  -5.13665497e-02  -2.47896176e-01  -2.22988244e-01
   0.00000000e+00  -3.52505823e-01   0.00000000e+00  -1.64398987e-01
  -5.13665497e-02  -2.71009829e-01   0.00000000e+00  -2.09656967e-01
  -7.21110255e-01  -2.29415734e-01  -5.32713604e-01  -2.29415734e-01
   3.24270744e+00  -4.79346913e-01   0.00000000e+00   0.00000000e+00
  -2.22988244e-01   0.00000000e+00  -3.98166530e-01  -4.11376676e-01
  -5.40848414e-01   0.00000000e+00   0.00000000e+00   0.00000000e+00
  -2.29415734e-01  -2.02721214e-01   0.00000000e+00   0.00000000e+00
  -7.27392967e-02   0.00000000e+00   0.00000000e+00   0.00000000e+00
   0.00000000e+00  -1.72656590e-01   0.00000000e+00   0.00000000e+00
   0.00000000e+00   0.00000000e+00   0.00000000e+00   0.00000000e+00
   0.00000000e+00   0.00000000e+00   0.00000000e+00   0.00000000e+00
   0.00000000e+00   1.46139350e+00  -1.74706742e-01  -3.87574238e-01
  -1.71876588e-01   1.12265850e+00   0.00000000e+00   0.00000000e+00
   0.00000000e+00   0.00000000e+00   0.00000000e+00  -2.02721214e-01
  -8.92051550e-02  -7.27392967e-02   0.00000000e+00   0.00000000e+00
  -1.80578780e-01   0.00000000e+00   0.00000000e+00   0.00000000e+00
   0.00000000e+00   0.00000000e+00   0.00000000e+00  -1.72656590e-01
  -3.47769971e-01  -3.13473916e-01   0.00000000e+00   0.00000000e+00
   0.00000000e+00  -4.55615906e-01] misclassified as 0
[ 0.          0.25900927 -0.36650833 -0.21583306  0.          0.          0.
 -0.55975836  0.          0.58667146 -0.79420783  1.70777832  0.50410853
  0.         -0.38151602 -0.60301868  0.          0.          0.          0.
  2.27078982  0.         -0.12990099  0.          2.03059424  0.
 -0.29146446  0.          1.1055416   0.          2.26052932  0.77174487
 -0.10314212  0.          1.78759074 -0.6846708  -0.34420127 -0.38891112
 -0.5029704  -0.4989465   0.          0.          0.          0.
 -0.72348272 -0.10314212 -0.15575224  0.          0.          0.
 -0.68449474 -0.70151458  0.81372403  0.87047543  0.         -0.14177058
 -0.32104667  0.          0.         -0.67773343 -0.66351833  0.          0.
  0.          0.          0.          0.          0.          0.
 -0.20965697  0.          0.          0.          0.          0.          0.
  0.          0.          0.         -0.1266601   0.          0.
 -0.19557956 -0.0727393  -0.31851103 -0.05136655 -0.24789618 -0.22298824
  0.         -0.35250582  0.         -0.16439899 -0.05136655 -0.27100983
  0.         -0.20965697  1.38675049  4.35889894  1.87718127  4.35889894
 -0.30838428  2.08617178  0.          0.         -0.22298824  0.
  2.51151196 -0.41137668  1.8489469   0.          0.          0.
  4.35889894 -0.20272121  0.          0.         -0.0727393   0.          0.
  0.          0.         -0.17265659  0.          0.          0.          0.
  0.          0.          0.          0.          0.          0.          0.
  1.51072075 -0.18243173 -0.38510089 -0.17187659  0.1972567   0.          0.
  0.          0.          0.         -0.20272121 -0.08920516 -0.0727393   0.
  0.         -0.18057878  0.          0.          0.          0.          0.
  0.         -0.17265659  2.87546391  3.19005809  0.          0.          0.
  0.8268585 ] misclassified as 0
[ 0.          0.25900927 -0.36650833  0.25552649  0.          0.          0.
 -0.41080306  0.          0.58667146 -0.28952727  1.70777832  0.50410853
  0.         -0.38151602 -0.60301868  0.          0.          0.          0.
  2.18310978  0.         -0.12990099  0.          2.03059424  0.
 -0.29146446  0.          1.1055416   0.          2.26052932  1.33679891
 -0.10314212  0.          2.5064103   0.04579396  1.27057011  0.78399543
 -0.50463209  0.2655683   0.          0.          0.          0.
  0.12243554 -0.10314212 -0.15575224  0.          0.          0.
  0.24946577  0.02882937  0.81372403  0.87047543  0.         -0.07615204
 -0.32104667  0.          0.         -0.02573671 -0.33564191  0.          0.
  0.          0.          0.          0.          0.          0.
 -0.20965697  0.          0.          0.          0.          0.          0.
  0.          0.          0.         -0.1266601   0.          0.
 -0.19557956 -0.0727393  -0.31851103 -0.05136655 -0.24789618  4.48454135
  0.         -0.35250582  0.         -0.16439899 -0.05136655 -0.27100983
  0.         -0.20965697  1.38675049  4.35889894  1.87718127  4.35889894
 -0.30838428  2.08617178  0.          0.          4.48454135  0.
  2.51151196 -0.41137668  1.8489469   0.          0.          0.
  4.35889894  4.93288286  0.          0.         -0.0727393   0.          0.
  0.          0.         -0.17265659  0.          0.          0.          0.
  0.          0.          0.          0.          0.          0.          0.
  1.51072075 -0.17470674 -0.38510089 -0.17187659  1.1226585   0.          0.
  0.          0.          0.         -0.20272121 -0.08920516 -0.0727393   0.
  0.         -0.18057878  0.          0.          0.          0.          0.
  0.         -0.17265659  2.87546391  3.19005809  0.          0.          0.
  0.8268585 ] misclassified as 0
[  0.00000000e+00   2.59009271e-01  -3.66508333e-01   2.55526492e-01
   0.00000000e+00   0.00000000e+00   0.00000000e+00  -3.93278902e-01
   0.00000000e+00   5.86671456e-01  -2.89527270e-01   1.70777832e+00
   5.04108533e-01   0.00000000e+00  -3.81516024e-01  -6.03018685e-01
   0.00000000e+00   0.00000000e+00   0.00000000e+00   0.00000000e+00
   2.09877630e+00   0.00000000e+00  -1.29900994e-01   0.00000000e+00
   2.03059424e+00   0.00000000e+00  -2.91464463e-01   0.00000000e+00
   1.10554160e+00   0.00000000e+00   2.26052932e+00   1.33679891e+00
  -1.03142125e-01   0.00000000e+00   2.50641030e+00  -4.37986864e-04
   1.27057011e+00   7.83995429e-01  -5.06665001e-01   2.65568297e-01
   0.00000000e+00   0.00000000e+00   0.00000000e+00   0.00000000e+00
   1.22435537e-01  -1.03142125e-01  -1.55752239e-01   0.00000000e+00
   0.00000000e+00   0.00000000e+00   2.49465768e-01   2.88293665e-02
   8.13724028e-01   8.70475428e-01   0.00000000e+00  -7.61520398e-02
  -3.21046670e-01   0.00000000e+00   0.00000000e+00  -2.57367127e-02
  -3.35641913e-01   0.00000000e+00   0.00000000e+00   0.00000000e+00
   0.00000000e+00   0.00000000e+00   0.00000000e+00   0.00000000e+00
   0.00000000e+00  -2.09656967e-01   0.00000000e+00   0.00000000e+00
   0.00000000e+00   0.00000000e+00   0.00000000e+00   0.00000000e+00
   0.00000000e+00   0.00000000e+00   0.00000000e+00  -1.26660099e-01
   0.00000000e+00   0.00000000e+00  -1.95579565e-01  -7.27392967e-02
  -3.18511029e-01  -5.13665497e-02  -2.47896176e-01   4.48454135e+00
   0.00000000e+00  -3.52505823e-01   0.00000000e+00  -1.64398987e-01
  -5.13665497e-02  -2.71009829e-01   0.00000000e+00  -2.09656967e-01
   1.38675049e+00   4.35889894e+00   1.87718127e+00   4.35889894e+00
  -3.08384281e-01   2.08617178e+00   0.00000000e+00   0.00000000e+00
   4.48454135e+00   0.00000000e+00   2.51151196e+00  -4.11376676e-01
   1.84894690e+00   0.00000000e+00   0.00000000e+00   0.00000000e+00
   4.35889894e+00   4.93288286e+00   0.00000000e+00   0.00000000e+00
  -7.27392967e-02   0.00000000e+00   0.00000000e+00   0.00000000e+00
   0.00000000e+00  -1.72656590e-01   0.00000000e+00   0.00000000e+00
   0.00000000e+00   0.00000000e+00   0.00000000e+00   0.00000000e+00
   0.00000000e+00   0.00000000e+00   0.00000000e+00   0.00000000e+00
   0.00000000e+00   1.51072075e+00  -1.74706742e-01  -3.85100895e-01
  -1.71876588e-01   1.12265850e+00   0.00000000e+00   0.00000000e+00
   0.00000000e+00   0.00000000e+00   0.00000000e+00  -2.02721214e-01
  -8.92051550e-02  -7.27392967e-02   0.00000000e+00   0.00000000e+00
  -1.80578780e-01   0.00000000e+00   0.00000000e+00   0.00000000e+00
   0.00000000e+00   0.00000000e+00   0.00000000e+00  -1.72656590e-01
   2.87546391e+00   3.19005809e+00   0.00000000e+00   0.00000000e+00
   0.00000000e+00   8.26858495e-01] misclassified as 0
[ 0.          0.25900927 -0.36650833 -0.21583306  0.          0.          0.
 -0.55099629  0.          0.60123099 -0.54186755  1.74427582  0.50410853
  0.         -0.38151602 -0.60301868  0.          0.          0.          0.
  2.32031901  0.         -0.80681124  0.          2.03059424  0.
 -0.28045517  0.         -0.90453403  0.          2.27757062 -0.35836322
 -0.10314212  0.         -0.36886793 -0.72165636 -0.34420127 -0.38891112
 -0.4935483   0.2655683   0.          0.          0.          0.
 -0.30052359 -0.10314212 -0.15575224  0.          0.          0.
 -0.21751449  0.02882937 -0.51909981 -0.53113755  0.         -0.66671888
 -0.32104667  0.          0.         -0.67773343 -0.66351833  0.          0.
  0.          0.          0.          0.          0.          0.
 -0.20965697  0.          0.          0.          0.          0.          0.
  0.          0.          0.         -0.1266601   0.          0.
 -0.19557956 -0.0727393  -0.31851103 -0.05136655 -0.24789618 -0.22298824
  0.         -0.35250582  0.         -0.16439899 -0.05136655 -0.27100983
  0.          4.76969601 -0.72111026 -0.22941573 -0.5327136  -0.22941573
 -0.30838428 -0.47934691  0.          0.         -0.22298824  0.
 -0.39816653 -0.41137668 -0.54084841  0.          0.          0.
 -0.22941573 -0.20272121  0.          0.         -0.0727393   0.          0.
  0.          0.         -0.17265659  0.          0.          0.          0.
  0.          0.          0.          0.          0.          0.          0.
  1.53283296 -0.18243173 -0.37591419 -0.17187659 -0.7281451   0.          0.
  0.          0.          0.         -0.20272121 -0.08920516 -0.0727393   0.
  0.         -0.18057878  0.          0.          0.          0.          0.
  0.         -0.17265659 -0.34776997 -0.31347392  0.          0.          0.
 -0.45561591] misclassified as 0
[ 0.          0.25900927 -0.36650833 -0.21583306  0.          0.          0.
 -0.58604459  0.         -0.85816685 -0.54186755 -0.87281023 -1.98369981
  0.          0.75110967 -0.60301868  0.          0.          0.          0.
 -1.07309946  0.         -0.62977317  0.         -1.20165401  0.
 -0.72032649  0.         -0.90453403  0.         -0.93897599  4.16206913
 -0.10314212  0.         -0.00945815 -0.70316358  1.27057011  3.12980852
 -0.68358137  2.55911268  0.          0.          0.          0.
 -0.30052359 -0.10314212 -0.15575224  0.          0.          0.
 -0.68449474  0.02882937 -0.51909981 -0.53113755  0.          2.02364117
  4.07526809  0.          0.         -0.35173507 -0.33564191  0.          0.
  0.          0.          0.          0.          0.          0.
 -0.20965697  0.          0.          0.          0.          0.          0.
  0.          0.          0.         -0.1266601   0.          0.
 -0.19557956 -0.0727393   3.13960871 -0.05136655 -0.24789618 -0.22298824
  0.          2.83683257  0.         -0.16439899 -0.05136655 -0.27100983
  0.         -0.20965697 -0.72111026 -0.22941573 -0.5327136  -0.22941573
 -0.30838428 -0.47934691  0.          0.         -0.22298824  0.
 -0.39816653 -0.41137668 -0.54084841  0.          0.          0.
 -0.22941573 -0.20272121  0.          0.         -0.0727393   0.          0.
  0.          0.         -0.17265659  0.          0.          0.          0.
  0.          0.          0.          0.          0.          0.          0.
 -1.12233359 -0.17470674 -0.62949083 -0.17187659  1.1226585   0.          0.
  0.          0.          0.         -0.20272121 -0.08920516 -0.0727393   0.
  0.         -0.18057878  0.          0.          0.          0.          0.
  0.         -0.17265659 -0.34776997 -0.31347392  0.          0.          0.
 -0.45561591] misclassified as 0
[  0.          -0.71548105  -0.36650833  -0.21583306   0.           0.           0.
  -0.53347213   0.           0.60060478  -0.28952727   1.70777832
   0.50410853   0.          -0.38151602  -0.60301868   0.           0.           0.
   0.           2.2995703    0.          -0.47356312   0.           2.03059424
   0.          -0.29146446   0.           1.1055416    0.           2.27757062
   1.90185295   9.69535971   0.           0.34995163  -0.51823579
  -0.34420127  -0.38891112  -0.50125569  -0.4989465    0.           0.           0.
   0.           0.54539466   9.69535971   6.42045343   0.           0.           0.
  -0.21751449   0.02882937   2.14654787   3.67370138   0.          -0.07615204
   0.77803202   0.           0.          -0.67773343  -0.66351833   0.           0.
   0.           0.           0.           0.           0.           0.
  -0.20965697   0.           0.           0.           0.           0.           0.
   0.           0.           0.          -0.1266601    0.           0.
  -0.19557956  -0.0727393   -0.31851103  -0.05136655  -0.24789618
  -0.22298824   0.          -0.35250582   0.          -0.16439899
  -0.05136655  -0.27100983   0.          -0.20965697   1.38675049
  -0.22941573   1.87718127  -0.22941573  -0.30838428  -0.47934691   0.           0.
  -0.22298824   0.           2.51151196  -0.41137668  -0.54084841   0.           0.
   0.          -0.22941573   4.93288286   0.           0.          13.74772708
   0.           0.           0.           0.          -0.17265659   0.           0.
   0.           0.           0.           0.           0.           0.           0.
   0.           0.           1.53113202  -0.18243173  -0.38498312
  -0.17187659   0.1972567    0.           0.           0.           0.           0.
  -0.20272121  -0.08920516  -0.0727393    0.           0.          -0.18057878
   0.           0.           0.           0.           0.           0.
  -0.17265659   2.87546391   3.19005809   0.           0.           0.
   3.3918073 ] misclassified as 0
[  0.00000000e+00   2.59009271e-01  -3.66508333e-01   2.55526492e-01
   0.00000000e+00   0.00000000e+00   0.00000000e+00  -3.93278902e-01
   0.00000000e+00   5.86671456e-01  -2.89527270e-01   1.70777832e+00
   5.04108533e-01   0.00000000e+00  -3.81516024e-01  -6.03018685e-01
   0.00000000e+00   0.00000000e+00   0.00000000e+00   0.00000000e+00
   2.06129476e+00   0.00000000e+00  -1.29900994e-01   0.00000000e+00
   2.03059424e+00   0.00000000e+00  -2.91464463e-01   0.00000000e+00
   1.10554160e+00   0.00000000e+00   2.26052932e+00   1.33679891e+00
  -1.03142125e-01   0.00000000e+00   2.50641030e+00  -4.37986864e-04
   1.27057011e+00   7.83995429e-01  -5.08026168e-01   2.65568297e-01
   0.00000000e+00   0.00000000e+00   0.00000000e+00   0.00000000e+00
   1.22435537e-01  -1.03142125e-01  -1.55752239e-01   0.00000000e+00
   0.00000000e+00   0.00000000e+00   2.49465768e-01   2.88293665e-02
   8.13724028e-01   8.70475428e-01   0.00000000e+00  -7.61520398e-02
  -3.21046670e-01   0.00000000e+00   0.00000000e+00  -2.57367127e-02
  -3.35641913e-01   0.00000000e+00   0.00000000e+00   0.00000000e+00
   0.00000000e+00   0.00000000e+00   0.00000000e+00   0.00000000e+00
   0.00000000e+00  -2.09656967e-01   0.00000000e+00   0.00000000e+00
   0.00000000e+00   0.00000000e+00   0.00000000e+00   0.00000000e+00
   0.00000000e+00   0.00000000e+00   0.00000000e+00  -1.26660099e-01
   0.00000000e+00   0.00000000e+00  -1.95579565e-01  -7.27392967e-02
  -3.18511029e-01  -5.13665497e-02  -2.47896176e-01   4.48454135e+00
   0.00000000e+00  -3.52505823e-01   0.00000000e+00  -1.64398987e-01
  -5.13665497e-02  -2.71009829e-01   0.00000000e+00  -2.09656967e-01
   1.38675049e+00   4.35889894e+00   1.87718127e+00   4.35889894e+00
  -3.08384281e-01   2.08617178e+00   0.00000000e+00   0.00000000e+00
   4.48454135e+00   0.00000000e+00   2.51151196e+00  -4.11376676e-01
   1.84894690e+00   0.00000000e+00   0.00000000e+00   0.00000000e+00
   4.35889894e+00   4.93288286e+00   0.00000000e+00   0.00000000e+00
  -7.27392967e-02   0.00000000e+00   0.00000000e+00   0.00000000e+00
   0.00000000e+00  -1.72656590e-01   0.00000000e+00   0.00000000e+00
   0.00000000e+00   0.00000000e+00   0.00000000e+00   0.00000000e+00
   0.00000000e+00   0.00000000e+00   0.00000000e+00   0.00000000e+00
   0.00000000e+00   1.51072075e+00  -1.74706742e-01  -3.85100895e-01
  -1.71876588e-01   1.12265850e+00   0.00000000e+00   0.00000000e+00
   0.00000000e+00   0.00000000e+00   0.00000000e+00  -2.02721214e-01
  -8.92051550e-02  -7.27392967e-02   0.00000000e+00   0.00000000e+00
  -1.80578780e-01   0.00000000e+00   0.00000000e+00   0.00000000e+00
   0.00000000e+00   0.00000000e+00   0.00000000e+00  -1.72656590e-01
   2.87546391e+00   3.19005809e+00   0.00000000e+00   0.00000000e+00
   0.00000000e+00   8.26858495e-01] misclassified as 0
[ 0.          0.25900927 -0.36650833  0.25552649  0.          0.          0.
 -0.41080306  0.          0.58667146 -0.28952727  1.70777832  0.50410853
  0.         -0.38151602 -0.60301868  0.          0.          0.          0.
  2.11483982  0.         -0.12990099  0.          2.03059424  0.
 -0.29146446  0.          1.1055416   0.          2.26052932  1.33679891
 -0.10314212  0.          2.5064103   0.04579396  1.27057011  0.78399543
 -0.50613468  0.2655683   0.          0.          0.          0.
  0.12243554 -0.10314212 -0.15575224  0.          0.          0.
  0.24946577  0.02882937  0.81372403  0.87047543  0.         -0.07615204
 -0.32104667  0.          0.         -0.02573671 -0.33564191  0.          0.
  0.          0.          0.          0.          0.          0.
 -0.20965697  0.          0.          0.          0.          0.          0.
  0.          0.          0.         -0.1266601   0.          0.
 -0.19557956 -0.0727393  -0.31851103 -0.05136655 -0.24789618  4.48454135
  0.         -0.35250582  0.         -0.16439899 -0.05136655 -0.27100983
  0.         -0.20965697  1.38675049  4.35889894  1.87718127  4.35889894
 -0.30838428  2.08617178  0.          0.          4.48454135  0.
  2.51151196 -0.41137668  1.8489469   0.          0.          0.
  4.35889894  4.93288286  0.          0.         -0.0727393   0.          0.
  0.          0.         -0.17265659  0.          0.          0.          0.
  0.          0.          0.          0.          0.          0.          0.
  1.51072075 -0.17470674 -0.38510089 -0.17187659  1.1226585   0.          0.
  0.          0.          0.         -0.20272121 -0.08920516 -0.0727393   0.
  0.         -0.18057878  0.          0.          0.          0.          0.
  0.         -0.17265659  2.87546391  3.19005809  0.          0.          0.
  0.8268585 ] misclassified as 0
[ 0.          0.25900927 -0.36650833  0.25552649  0.          0.          0.
 -0.41080306  0.          0.58667146 -0.28952727  1.70777832  0.50410853
  0.         -0.38151602 -0.60301868  0.          0.          0.          0.
  1.98164648  0.         -0.12990099  0.          2.03059424  0.
 -0.29146446  0.          1.1055416   0.          2.26052932  1.33679891
 -0.10314212  0.          2.5064103   0.04579396  1.27057011  0.78399543
 -0.51030656  0.2655683   0.          0.          0.          0.
  0.12243554 -0.10314212 -0.15575224  0.          0.          0.
  0.24946577  0.02882937  0.81372403  0.87047543  0.         -0.07615204
 -0.32104667  0.          0.         -0.02573671 -0.33564191  0.          0.
  0.          0.          0.          0.          0.          0.
 -0.20965697  0.          0.          0.          0.          0.          0.
  0.          0.          0.         -0.1266601   0.          0.
 -0.19557956 -0.0727393  -0.31851103 -0.05136655 -0.24789618  4.48454135
  0.         -0.35250582  0.         -0.16439899 -0.05136655 -0.27100983
  0.         -0.20965697  1.38675049  4.35889894  1.87718127  4.35889894
 -0.30838428  2.08617178  0.          0.          4.48454135  0.
  2.51151196 -0.41137668  1.8489469   0.          0.          0.
  4.35889894  4.93288286  0.          0.         -0.0727393   0.          0.
  0.          0.         -0.17265659  0.          0.          0.          0.
  0.          0.          0.          0.          0.          0.          0.
  1.51072075 -0.17470674 -0.38510089 -0.17187659  1.1226585   0.          0.
  0.          0.          0.         -0.20272121 -0.08920516 -0.0727393   0.
  0.         -0.18057878  0.          0.          0.          0.          0.
  0.         -0.17265659  2.87546391  3.19005809  0.          0.          0.
  0.8268585 ] misclassified as 0
[  0.00000000e+00   2.59009271e-01  -3.66508333e-01   2.55526492e-01
   0.00000000e+00   0.00000000e+00   0.00000000e+00  -4.10803056e-01
   0.00000000e+00   5.86671456e-01  -7.94207834e-01   1.70777832e+00
   5.04108533e-01   0.00000000e+00  -3.81516024e-01  -6.03018685e-01
   0.00000000e+00   0.00000000e+00   0.00000000e+00   0.00000000e+00
   2.10413081e+00   0.00000000e+00  -1.29900994e-01   0.00000000e+00
   2.03059424e+00   0.00000000e+00  -2.91464463e-01   0.00000000e+00
   1.10554160e+00   0.00000000e+00   2.26052932e+00   1.33679891e+00
  -1.03142125e-01   0.00000000e+00   2.50641030e+00  -4.37986864e-04
  -3.44201267e-01  -3.88911118e-01  -5.06523581e-01  -4.98946497e-01
   0.00000000e+00   0.00000000e+00   0.00000000e+00   0.00000000e+00
  -7.23482716e-01  -1.03142125e-01  -1.55752239e-01   0.00000000e+00
   0.00000000e+00   0.00000000e+00  -6.84494743e-01  -7.01514584e-01
   8.13724028e-01   8.70475428e-01   0.00000000e+00  -3.38626191e-01
  -3.21046670e-01   0.00000000e+00   0.00000000e+00  -6.77733434e-01
  -6.63518333e-01   0.00000000e+00   0.00000000e+00   0.00000000e+00
   0.00000000e+00   0.00000000e+00   0.00000000e+00   0.00000000e+00
   0.00000000e+00  -2.09656967e-01   0.00000000e+00   0.00000000e+00
   0.00000000e+00   0.00000000e+00   0.00000000e+00   0.00000000e+00
   0.00000000e+00   0.00000000e+00   0.00000000e+00  -1.26660099e-01
   0.00000000e+00   0.00000000e+00  -1.95579565e-01  -7.27392967e-02
  -3.18511029e-01  -5.13665497e-02  -2.47896176e-01   4.48454135e+00
   0.00000000e+00  -3.52505823e-01   0.00000000e+00  -1.64398987e-01
  -5.13665497e-02  -2.71009829e-01   0.00000000e+00  -2.09656967e-01
   1.38675049e+00   4.35889894e+00   1.87718127e+00   4.35889894e+00
  -3.08384281e-01   2.08617178e+00   0.00000000e+00   0.00000000e+00
   4.48454135e+00   0.00000000e+00   2.51151196e+00  -4.11376676e-01
   1.84894690e+00   0.00000000e+00   0.00000000e+00   0.00000000e+00
   4.35889894e+00  -2.02721214e-01   0.00000000e+00   0.00000000e+00
  -7.27392967e-02   0.00000000e+00   0.00000000e+00   0.00000000e+00
   0.00000000e+00  -1.72656590e-01   0.00000000e+00   0.00000000e+00
   0.00000000e+00   0.00000000e+00   0.00000000e+00   0.00000000e+00
   0.00000000e+00   0.00000000e+00   0.00000000e+00   0.00000000e+00
   0.00000000e+00   1.51072075e+00  -1.82431732e-01  -3.85100895e-01
  -1.71876588e-01   1.97256700e-01   0.00000000e+00   0.00000000e+00
   0.00000000e+00   0.00000000e+00   0.00000000e+00  -2.02721214e-01
  -8.92051550e-02  -7.27392967e-02   0.00000000e+00   0.00000000e+00
  -1.80578780e-01   0.00000000e+00   0.00000000e+00   0.00000000e+00
   0.00000000e+00   0.00000000e+00   0.00000000e+00  -1.72656590e-01
   2.87546391e+00   3.19005809e+00   0.00000000e+00   0.00000000e+00
   0.00000000e+00   8.26858495e-01] misclassified as 0
[ 0.          0.25900927 -0.36650833 -0.21583306  0.          0.          0.
 -0.44585136  0.          0.60060478  0.71983386  1.70777832  0.50410853
  0.         -0.38151602  0.0162978   0.          0.          0.          0.
  2.31764176  0.         -0.56728915  0.          2.03059424  0.
 -0.29146446  0.         -0.90453403  0.          2.27757062 -0.35836322
 -0.10314212  0.          0.7093614  -0.55522135 -0.34420127 -0.38891112
 -0.49952329 -0.4989465   0.          0.          0.          0.
  0.54539466 -0.10314212  6.42045343  0.          0.          0.
  0.71644602  0.75917332  2.59082248  2.27208841  0.          0.25194065
 -0.32104667  0.          0.         -0.02573671 -0.00776549  0.          0.
  0.          0.          0.          0.          0.          0.
 -0.20965697  0.          0.          0.          0.          0.          0.
  0.          0.          0.         -0.1266601   0.          0.
 -0.19557956 -0.0727393  -0.31851103 -0.05136655 -0.24789618 -0.22298824
  0.         -0.35250582  0.         -0.16439899 -0.05136655 -0.27100983
  0.         -0.20965697 -0.72111026 -0.22941573  1.87718127 -0.22941573
 -0.30838428  2.08617178  0.          0.         -0.22298824  0.
 -0.39816653 -0.41137668 -0.54084841  0.          0.          0.
 -0.22941573 -0.20272121  0.          0.         -0.0727393   0.          0.
  0.          0.         -0.17265659  0.          0.          0.          0.
  0.          0.          0.          0.          0.          0.          0.
  1.53113202 -0.17470674 -0.38333422 -0.17187659 -0.7281451   0.          0.
  0.          0.          0.         -0.20272121 -0.08920516 -0.0727393   0.
  0.         -0.18057878  0.          0.          0.          0.          0.
  0.         -0.17265659 -0.34776997 -0.31347392  0.          0.          0.
  3.3918073 ] misclassified as 0
[ 0.          0.25900927 -0.36650833  0.25552649  0.          0.          0.
 -0.41080306  0.          0.58667146 -0.28952727  1.70777832  0.50410853
  0.         -0.38151602 -0.60301868  0.          0.          0.          0.
  2.19381879  0.         -0.12990099  0.          2.03059424  0.
 -0.29146446  0.          1.1055416   0.          2.26052932  1.33679891
 -0.10314212  0.          2.5064103   0.04579396  1.27057011  0.78399543
 -0.50424318  0.2655683   0.          0.          0.          0.
  0.12243554 -0.10314212 -0.15575224  0.          0.          0.
  0.24946577  0.02882937  0.81372403  0.87047543  0.         -0.07615204
 -0.32104667  0.          0.         -0.02573671 -0.33564191  0.          0.
  0.          0.          0.          0.          0.          0.
 -0.20965697  0.          0.          0.          0.          0.          0.
  0.          0.          0.         -0.1266601   0.          0.
 -0.19557956 -0.0727393  -0.31851103 -0.05136655 -0.24789618  4.48454135
  0.         -0.35250582  0.         -0.16439899 -0.05136655 -0.27100983
  0.         -0.20965697  1.38675049  4.35889894  1.87718127  4.35889894
 -0.30838428  2.08617178  0.          0.          4.48454135  0.
  2.51151196 -0.41137668  1.8489469   0.          0.          0.
  4.35889894  4.93288286  0.          0.         -0.0727393   0.          0.
  0.          0.         -0.17265659  0.          0.          0.          0.
  0.          0.          0.          0.          0.          0.          0.
  1.51072075 -0.17470674 -0.38510089 -0.17187659  1.1226585   0.          0.
  0.          0.          0.         -0.20272121 -0.08920516 -0.0727393   0.
  0.         -0.18057878  0.          0.          0.          0.          0.
  0.         -0.17265659  2.87546391  3.19005809  0.          0.          0.
  0.8268585 ] misclassified as 0
[ 0.          0.25900927 -0.36650833 -0.21583306  0.          0.          0.
 -0.44585136  0.          0.60060478  0.71983386  1.70777832  0.50410853
  0.         -0.38151602  0.0162978   0.          0.          0.          0.
  2.31898038  0.         -0.56728915  0.          2.03059424  0.
 -0.29146446  0.         -0.90453403  0.          2.27757062 -0.35836322
 -0.10314212  0.          0.7093614  -0.55522135 -0.34420127 -0.38891112
 -0.49927581 -0.4989465   0.          0.          0.          0.
  0.54539466 -0.10314212  6.42045343  0.          0.          0.
  0.71644602  0.75917332  2.59082248  2.27208841  0.          0.25194065
 -0.32104667  0.          0.         -0.02573671 -0.00776549  0.          0.
  0.          0.          0.          0.          0.          0.
 -0.20965697  0.          0.          0.          0.          0.          0.
  0.          0.          0.         -0.1266601   0.          0.
 -0.19557956 -0.0727393  -0.31851103 -0.05136655 -0.24789618 -0.22298824
  0.         -0.35250582  0.         -0.16439899 -0.05136655 -0.27100983
  0.         -0.20965697 -0.72111026 -0.22941573  1.87718127 -0.22941573
 -0.30838428  2.08617178  0.          0.         -0.22298824  0.
 -0.39816653 -0.41137668 -0.54084841  0.          0.          0.
 -0.22941573 -0.20272121  0.          0.         -0.0727393   0.          0.
  0.          0.         -0.17265659  0.          0.          0.          0.
  0.          0.          0.          0.          0.          0.          0.
  1.53113202 -0.17470674 -0.38309866 -0.17187659 -0.7281451   0.          0.
  0.          0.          0.         -0.20272121 -0.08920516 -0.0727393   0.
  0.         -0.18057878  0.          0.          0.          0.          0.
  0.         -0.17265659 -0.34776997 -0.31347392  0.          0.          0.
  3.3918073 ] misclassified as 0
[  0.00000000e+00   2.59009271e-01  -3.66508333e-01  -2.15833056e-01
   0.00000000e+00   0.00000000e+00   0.00000000e+00  -5.68520439e-01
   0.00000000e+00   5.63501441e-01  -7.94207834e-01   1.70777832e+00
   5.04108533e-01   0.00000000e+00  -3.97412525e-03   3.73219672e+00
   0.00000000e+00   0.00000000e+00   0.00000000e+00   0.00000000e+00
   1.92073896e+00   0.00000000e+00  -7.91190232e-01   0.00000000e+00
   2.03059424e+00   0.00000000e+00  -2.91464463e-01   0.00000000e+00
   1.10554160e+00   0.00000000e+00   2.14124017e+00  -3.58363223e-01
  -1.03142125e-01   0.00000000e+00   3.49951626e-01  -5.36728569e-01
   1.27057011e+00   7.83995429e-01  -5.12693026e-01   4.85265706e+00
   0.00000000e+00   0.00000000e+00   0.00000000e+00   0.00000000e+00
   1.22435537e-01  -1.03142125e-01  -1.55752239e-01   0.00000000e+00
   0.00000000e+00   0.00000000e+00   2.49465768e-01  -7.01514584e-01
  -5.19099811e-01  -5.31137549e-01   0.00000000e+00  -7.61520398e-02
  -3.21046670e-01   0.00000000e+00   0.00000000e+00  -6.77733434e-01
  -6.63518333e-01   0.00000000e+00   0.00000000e+00   0.00000000e+00
   0.00000000e+00   0.00000000e+00   0.00000000e+00   0.00000000e+00
   0.00000000e+00   4.76969601e+00   0.00000000e+00   0.00000000e+00
   0.00000000e+00   0.00000000e+00   0.00000000e+00   0.00000000e+00
   0.00000000e+00   0.00000000e+00   0.00000000e+00  -1.26660099e-01
   0.00000000e+00   0.00000000e+00   5.11300862e+00  -7.27392967e-02
  -3.18511029e-01  -5.13665497e-02  -2.47896176e-01  -2.22988244e-01
   0.00000000e+00  -3.52505823e-01   0.00000000e+00  -1.64398987e-01
  -5.13665497e-02  -2.71009829e-01   0.00000000e+00   4.76969601e+00
  -7.21110255e-01  -2.29415734e-01  -5.32713604e-01  -2.29415734e-01
  -3.08384281e-01  -4.79346913e-01   0.00000000e+00   0.00000000e+00
  -2.22988244e-01   0.00000000e+00  -3.98166530e-01   2.43086217e+00
  -5.40848414e-01   0.00000000e+00   0.00000000e+00   0.00000000e+00
  -2.29415734e-01  -2.02721214e-01   0.00000000e+00   0.00000000e+00
  -7.27392967e-02   0.00000000e+00   0.00000000e+00   0.00000000e+00
   0.00000000e+00  -1.72656590e-01   0.00000000e+00   0.00000000e+00
   0.00000000e+00   0.00000000e+00   0.00000000e+00   0.00000000e+00
   0.00000000e+00   0.00000000e+00   0.00000000e+00   0.00000000e+00
   0.00000000e+00   1.46309444e+00  -1.66981752e-01  -3.87220904e-01
  -1.71876588e-01   1.12265850e+00   0.00000000e+00   0.00000000e+00
   0.00000000e+00   0.00000000e+00   0.00000000e+00   4.93288286e+00
  -8.92051550e-02  -7.27392967e-02   0.00000000e+00   0.00000000e+00
  -1.80578780e-01   0.00000000e+00   0.00000000e+00   0.00000000e+00
   0.00000000e+00   0.00000000e+00   0.00000000e+00  -1.72656590e-01
  -3.47769971e-01  -3.13473916e-01   0.00000000e+00   0.00000000e+00
   0.00000000e+00  -4.55615906e-01] misclassified as 0
[ 0.         -0.71548105 -0.36650833 -0.21583306  0.          0.          0.
 -0.54223421  0.          0.60123099 -0.54186755  1.739982    0.50410853
  0.         -0.38151602 -0.60301868  0.          0.          0.          0.
  2.32031901  0.         -0.80681124  0.          2.03059424  0.
 -0.28145601  0.         -0.90453403  0.          2.27757062 -0.35836322
 -0.10314212  0.         -0.00945815 -0.72165636 -0.34420127 -0.38891112
 -0.49368972  0.2655683   0.          0.          0.          0.
  0.12243554 -0.10314212 -0.15575224  0.          0.          0.
 -0.21751449  0.75917332 -0.51909981 -0.53113755  0.         -0.66671888
 -0.32104667  0.          0.         -0.02573671 -0.00776549  0.          0.
  0.          0.          0.          0.          0.          0.
 -0.20965697  0.          0.          0.          0.          0.          0.
  0.          0.          0.         -0.1266601   0.          0.
 -0.19557956 -0.0727393  -0.31851103 -0.05136655  4.03394686 -0.22298824
  0.         -0.35250582  0.         -0.16439899 -0.05136655 -0.27100983
  0.          4.76969601 -0.72111026 -0.22941573 -0.5327136  -0.22941573
 -0.30838428 -0.47934691  0.          0.         -0.22298824  0.
 -0.39816653 -0.41137668 -0.54084841  0.          0.          0.
 -0.22941573 -0.20272121  0.          0.         -0.0727393   0.          0.
  0.          0.         -0.17265659  0.          0.          0.          0.
  0.          0.          0.          0.          0.          0.          0.
  1.53283296 -0.18243173 -0.3763853  -0.17187659 -0.7281451   0.          0.
  0.          0.          0.         -0.20272121 -0.08920516 -0.0727393   0.
  0.         -0.18057878  0.          0.          0.          0.          0.
  0.         -0.17265659 -0.34776997 -0.31347392  0.          0.          0.
 -0.45561591] misclassified as 0
[  0.00000000e+00   2.59009271e-01  -3.66508333e-01   2.55526492e-01
   0.00000000e+00   0.00000000e+00   0.00000000e+00  -3.93278902e-01
   0.00000000e+00   5.86671456e-01  -2.89527270e-01   1.70777832e+00
   5.04108533e-01   0.00000000e+00  -3.81516024e-01  -6.03018685e-01
   0.00000000e+00   0.00000000e+00   0.00000000e+00   0.00000000e+00
   2.14094304e+00   0.00000000e+00  -1.29900994e-01   0.00000000e+00
   2.03059424e+00   0.00000000e+00  -2.91464463e-01   0.00000000e+00
   1.10554160e+00   0.00000000e+00   2.26052932e+00   1.33679891e+00
  -1.03142125e-01   0.00000000e+00   2.50641030e+00  -4.37986864e-04
   1.27057011e+00   7.83995429e-01  -5.05604351e-01   2.65568297e-01
   0.00000000e+00   0.00000000e+00   0.00000000e+00   0.00000000e+00
   1.22435537e-01  -1.03142125e-01  -1.55752239e-01   0.00000000e+00
   0.00000000e+00   0.00000000e+00   2.49465768e-01   2.88293665e-02
   8.13724028e-01   8.70475428e-01   0.00000000e+00  -7.61520398e-02
  -3.21046670e-01   0.00000000e+00   0.00000000e+00  -2.57367127e-02
  -3.35641913e-01   0.00000000e+00   0.00000000e+00   0.00000000e+00
   0.00000000e+00   0.00000000e+00   0.00000000e+00   0.00000000e+00
   0.00000000e+00  -2.09656967e-01   0.00000000e+00   0.00000000e+00
   0.00000000e+00   0.00000000e+00   0.00000000e+00   0.00000000e+00
   0.00000000e+00   0.00000000e+00   0.00000000e+00  -1.26660099e-01
   0.00000000e+00   0.00000000e+00  -1.95579565e-01  -7.27392967e-02
  -3.18511029e-01  -5.13665497e-02  -2.47896176e-01   4.48454135e+00
   0.00000000e+00  -3.52505823e-01   0.00000000e+00  -1.64398987e-01
  -5.13665497e-02  -2.71009829e-01   0.00000000e+00  -2.09656967e-01
   1.38675049e+00   4.35889894e+00   1.87718127e+00   4.35889894e+00
  -3.08384281e-01   2.08617178e+00   0.00000000e+00   0.00000000e+00
   4.48454135e+00   0.00000000e+00   2.51151196e+00  -4.11376676e-01
   1.84894690e+00   0.00000000e+00   0.00000000e+00   0.00000000e+00
  -2.29415734e-01   4.93288286e+00   0.00000000e+00   0.00000000e+00
  -7.27392967e-02   0.00000000e+00   0.00000000e+00   0.00000000e+00
   0.00000000e+00  -1.72656590e-01   0.00000000e+00   0.00000000e+00
   0.00000000e+00   0.00000000e+00   0.00000000e+00   0.00000000e+00
   0.00000000e+00   0.00000000e+00   0.00000000e+00   0.00000000e+00
   0.00000000e+00   1.51072075e+00  -1.74706742e-01  -3.85100895e-01
  -1.71876588e-01   1.12265850e+00   0.00000000e+00   0.00000000e+00
   0.00000000e+00   0.00000000e+00   0.00000000e+00  -2.02721214e-01
  -8.92051550e-02  -7.27392967e-02   0.00000000e+00   0.00000000e+00
  -1.80578780e-01   0.00000000e+00   0.00000000e+00   0.00000000e+00
   0.00000000e+00   0.00000000e+00   0.00000000e+00  -1.72656590e-01
   2.87546391e+00   3.19005809e+00   0.00000000e+00   0.00000000e+00
   0.00000000e+00   8.26858495e-01] misclassified as 0
[ 0.          0.25900927 -0.36650833 -0.21583306  0.          0.          0.
 -0.55099629  0.          0.60123099 -0.28952727  1.74212891  0.50410853
  0.         -0.38151602 -0.60301868  0.          0.          0.          0.
  2.32031901  0.         -0.74953422  0.          2.03059424  0.
 -0.28095559  0.         -0.90453403  0.          2.27757062 -0.35836322
 -0.10314212  0.         -0.36886793 -0.72165636 -0.34420127 -0.38891112
 -0.49361901  0.2655683   0.          0.          0.          0.
  0.12243554 -0.10314212 -0.15575224  0.          0.          0.
 -0.21751449  0.75917332 -0.51909981 -0.53113755  0.         -0.5354818
 -0.32104667  0.          0.         -0.67773343 -0.66351833  0.          0.
  0.          0.          0.          0.          0.          0.
 -0.20965697  0.          0.          0.          0.          0.          0.
  0.          0.          0.         -0.1266601   0.          0.
 -0.19557956 -0.0727393  -0.31851103 -0.05136655 -0.24789618 -0.22298824
  0.         -0.35250582  0.         -0.16439899 -0.05136655 -0.27100983
  0.          4.76969601 -0.72111026 -0.22941573 -0.5327136  -0.22941573
 -0.30838428 -0.47934691  0.          0.         -0.22298824  0.
 -0.39816653 -0.41137668 -0.54084841  0.          0.          0.
 -0.22941573 -0.20272121  0.          0.         -0.0727393   0.          0.
  0.          0.         -0.17265659  0.          0.          0.          0.
  0.          0.          0.          0.          0.          0.          0.
  1.53283296 -0.18243173 -0.37614974 -0.17187659 -0.7281451   0.          0.
  0.          0.          0.         -0.20272121 -0.08920516 -0.0727393   0.
  0.         -0.18057878  0.          0.          0.          0.          0.
  0.         -0.17265659 -0.34776997 -0.31347392  0.          0.          0.
 -0.45561591] misclassified as 0
[  0.00000000e+00   2.59009271e-01  -3.66508333e-01   2.55526492e-01
   0.00000000e+00   0.00000000e+00   0.00000000e+00  -3.93278902e-01
   0.00000000e+00   5.86671456e-01  -2.89527270e-01   1.70777832e+00
   5.04108533e-01   0.00000000e+00  -3.81516024e-01  -6.03018685e-01
   0.00000000e+00   0.00000000e+00   0.00000000e+00   0.00000000e+00
   2.09342180e+00   0.00000000e+00  -1.29900994e-01   0.00000000e+00
   2.03059424e+00   0.00000000e+00  -2.91464463e-01   0.00000000e+00
   1.10554160e+00   0.00000000e+00   2.26052932e+00   1.33679891e+00
  -1.03142125e-01   0.00000000e+00   2.50641030e+00  -4.37986864e-04
   1.27057011e+00   7.83995429e-01  -5.06859453e-01   2.65568297e-01
   0.00000000e+00   0.00000000e+00   0.00000000e+00   0.00000000e+00
   1.22435537e-01  -1.03142125e-01  -1.55752239e-01   0.00000000e+00
   0.00000000e+00   0.00000000e+00   2.49465768e-01   2.88293665e-02
   8.13724028e-01   8.70475428e-01   0.00000000e+00  -7.61520398e-02
  -3.21046670e-01   0.00000000e+00   0.00000000e+00  -2.57367127e-02
  -3.35641913e-01   0.00000000e+00   0.00000000e+00   0.00000000e+00
   0.00000000e+00   0.00000000e+00   0.00000000e+00   0.00000000e+00
   0.00000000e+00  -2.09656967e-01   0.00000000e+00   0.00000000e+00
   0.00000000e+00   0.00000000e+00   0.00000000e+00   0.00000000e+00
   0.00000000e+00   0.00000000e+00   0.00000000e+00  -1.26660099e-01
   0.00000000e+00   0.00000000e+00  -1.95579565e-01  -7.27392967e-02
  -3.18511029e-01  -5.13665497e-02  -2.47896176e-01   4.48454135e+00
   0.00000000e+00  -3.52505823e-01   0.00000000e+00  -1.64398987e-01
  -5.13665497e-02  -2.71009829e-01   0.00000000e+00  -2.09656967e-01
   1.38675049e+00   4.35889894e+00   1.87718127e+00   4.35889894e+00
  -3.08384281e-01   2.08617178e+00   0.00000000e+00   0.00000000e+00
   4.48454135e+00   0.00000000e+00   2.51151196e+00  -4.11376676e-01
   1.84894690e+00   0.00000000e+00   0.00000000e+00   0.00000000e+00
   4.35889894e+00   4.93288286e+00   0.00000000e+00   0.00000000e+00
  -7.27392967e-02   0.00000000e+00   0.00000000e+00   0.00000000e+00
   0.00000000e+00  -1.72656590e-01   0.00000000e+00   0.00000000e+00
   0.00000000e+00   0.00000000e+00   0.00000000e+00   0.00000000e+00
   0.00000000e+00   0.00000000e+00   0.00000000e+00   0.00000000e+00
   0.00000000e+00   1.51072075e+00  -1.74706742e-01  -3.85100895e-01
  -1.71876588e-01   1.12265850e+00   0.00000000e+00   0.00000000e+00
   0.00000000e+00   0.00000000e+00   0.00000000e+00  -2.02721214e-01
  -8.92051550e-02  -7.27392967e-02   0.00000000e+00   0.00000000e+00
  -1.80578780e-01   0.00000000e+00   0.00000000e+00   0.00000000e+00
   0.00000000e+00   0.00000000e+00   0.00000000e+00  -1.72656590e-01
   2.87546391e+00   3.19005809e+00   0.00000000e+00   0.00000000e+00
   0.00000000e+00   8.26858495e-01] misclassified as 0
[ 0.          1.2334996  -0.36650833 -0.21583306  0.          0.          0.
 -0.55099629  0.          0.58667146 -0.54186755  1.70777832  0.50410853
  0.         -0.38151602 -0.60301868  0.          0.          0.          0.
  2.17775527  0.         -0.12990099  0.          2.03059424  0.
 -0.29146446  0.          1.1055416   0.          2.26052932  1.33679891
 -0.10314212  0.          1.78759074 -0.74939552 -0.34420127 -0.38891112
 -0.50482654 -0.4989465   0.          0.          0.          0.
 -0.30052359 -0.10314212 -0.15575224  0.          0.          0.
 -0.21751449 -0.70151458  0.81372403  0.87047543  0.         -0.33862619
 -0.32104667  0.          0.         -0.67773343 -0.66351833  0.          0.
  0.          0.          0.          0.          0.          0.
 -0.20965697  0.          0.          0.          0.          0.          0.
  0.          0.          0.         -0.1266601   0.          0.
 -0.19557956 -0.0727393  -0.31851103 -0.05136655 -0.24789618 -0.22298824
  0.         -0.35250582  0.         -0.16439899 -0.05136655 -0.27100983
  0.         -0.20965697  1.38675049  4.35889894  1.87718127  4.35889894
 -0.30838428  2.08617178  0.          0.         -0.22298824  0.
  2.51151196 -0.41137668  1.8489469   0.          0.          0.
  4.35889894 -0.20272121  0.          0.         -0.0727393   0.          0.
  0.          0.         -0.17265659  0.          0.          0.          0.
  0.          0.          0.          0.          0.          0.          0.
  1.51072075 -0.18243173 -0.38510089 -0.17187659  0.1972567   0.          0.
  0.          0.          0.         -0.20272121 -0.08920516 -0.0727393   0.
  0.         -0.18057878  0.          0.          0.          0.          0.
  0.         -0.17265659  2.87546391  3.19005809  0.          0.          0.
  0.8268585 ] misclassified as 0
[ 0.          0.25900927 -0.36650833 -0.21583306  0.          0.          0.
 -0.52471005  0.          0.60123099 -0.79420783  1.72924744  0.50410853
  0.         -0.38151602 -0.60301868  0.          0.          0.          0.
  2.32031901  0.          1.11457245  0.          2.03059424  0.
 -0.28395813  0.         -0.90453403  0.          2.27757062 -0.35836322
 -0.10314212  0.         -0.36886793 -0.61069968 -0.34420127 -0.38891112
 -0.49404327 -0.4989465   0.          0.          0.          0.
 -0.30052359 -0.10314212 -0.15575224  0.          0.          0.
 -0.21751449  0.02882937 -0.51909981 -0.53113755  0.         -0.60110034
 -0.32104667  0.          0.         -0.67773343 -0.66351833  0.          0.
  0.          0.          0.          0.          0.          0.
 -0.20965697  0.          0.          0.          0.          0.          0.
  0.          0.          0.         -0.1266601   0.          0.
 -0.19557956 -0.0727393  -0.31851103 -0.05136655 -0.24789618 -0.22298824
  0.         -0.35250582  0.         -0.16439899 -0.05136655 -0.27100983
  0.          4.76969601 -0.72111026 -0.22941573 -0.5327136  -0.22941573
 -0.30838428 -0.47934691  0.          0.         -0.22298824  0.
 -0.39816653 -0.41137668 -0.54084841  0.          0.          0.
 -0.22941573 -0.20272121  0.          0.         -0.0727393   0.          0.
  0.          0.         -0.17265659  0.          0.          0.          0.
  0.          0.          0.          0.          0.          0.          0.
  1.53283296 -0.16698175 -0.37756308 -0.17187659 -0.7281451   0.          0.
  0.          0.          0.         -0.20272121 -0.08920516 -0.0727393   0.
  0.         -0.18057878  0.          0.          0.          0.          0.
  0.         -0.17265659 -0.34776997 -0.31347392  0.          0.          0.
 -0.45561591] misclassified as 0
[ 0.          0.25900927 -0.36650833 -0.21583306  0.          0.          0.
 -0.55975836  0.          0.58667146 -0.79420783  1.70777832  0.50410853
  0.         -0.38151602 -0.60301868  0.          0.          0.          0.
  2.16169175  0.         -0.12990099  0.          2.03059424  0.
 -0.29146446  0.          1.1055416   0.          2.26052932  0.77174487
 -0.10314212  0.          1.78759074 -0.6846708  -0.34420127 -0.38891112
 -0.50526848 -0.4989465   0.          0.          0.          0.
 -0.72348272 -0.10314212 -0.15575224  0.          0.          0.
 -0.68449474 -0.70151458  0.81372403  0.87047543  0.         -0.14177058
 -0.32104667  0.          0.         -0.67773343 -0.66351833  0.          0.
  0.          0.          0.          0.          0.          0.
 -0.20965697  0.          0.          0.          0.          0.          0.
  0.          0.          0.         -0.1266601   0.          0.
 -0.19557956 -0.0727393  -0.31851103 -0.05136655 -0.24789618 -0.22298824
  0.         -0.35250582  0.         -0.16439899 -0.05136655 -0.27100983
  0.         -0.20965697  1.38675049  4.35889894  1.87718127  4.35889894
 -0.30838428  2.08617178  0.          0.         -0.22298824  0.
  2.51151196 -0.41137668  1.8489469   0.          0.          0.
  4.35889894 -0.20272121  0.          0.         -0.0727393   0.          0.
  0.          0.         -0.17265659  0.          0.          0.          0.
  0.          0.          0.          0.          0.          0.          0.
  1.51072075 -0.18243173 -0.38510089 -0.17187659  0.1972567   0.          0.
  0.          0.          0.         -0.20272121 -0.08920516 -0.0727393   0.
  0.         -0.18057878  0.          0.          0.          0.          0.
  0.         -0.17265659  2.87546391  3.19005809  0.          0.          0.
  0.8268585 ] misclassified as 0
[ 0.          0.25900927 -0.36650833 -0.21583306  0.          0.          0.
 -0.58604459  0.         -0.85503577 -0.54186755 -0.87281023 -1.98369981
  0.          0.75110967 -0.60301868  0.          0.          0.          0.
 -1.06372907  0.         -0.62977317  0.         -1.12819383  0.
 -0.72032649  0.         -0.90453403  0.         -0.93897599  4.16206913
 -0.10314212  0.         -0.00945815 -0.70316358  1.27057011  3.12980852
 -0.68305104  2.55911268  0.          0.          0.          0.
 -0.30052359 -0.10314212 -0.15575224  0.          0.          0.
 -0.68449474  0.02882937 -0.51909981 -0.53113755  0.          2.02364117
  4.07526809  0.          0.         -0.35173507 -0.33564191  0.          0.
  0.          0.          0.          0.          0.          0.
 -0.20965697  0.          0.          0.          0.          0.          0.
  0.          0.          0.         -0.1266601   0.          0.
 -0.19557956 -0.0727393   3.13960871 -0.05136655 -0.24789618 -0.22298824
  0.          2.83683257  0.         -0.16439899 -0.05136655 -0.27100983
  0.         -0.20965697 -0.72111026 -0.22941573 -0.5327136  -0.22941573
 -0.30838428 -0.47934691  0.          0.         -0.22298824  0.
 -0.39816653 -0.41137668 -0.54084841  0.          0.          0.
 -0.22941573 -0.20272121  0.          0.         -0.0727393   0.          0.
  0.          0.         -0.17265659  0.          0.          0.          0.
  0.          0.          0.          0.          0.          0.          0.
 -1.11552984 -0.17470674 -0.62890194 -0.17187659  1.1226585   0.          0.
  0.          0.          0.         -0.20272121 -0.08920516 -0.0727393   0.
  0.         -0.18057878  0.          0.          0.          0.          0.
  0.         -0.17265659 -0.34776997 -0.31347392  0.          0.          0.
 -0.45561591] misclassified as 0
[  0.00000000e+00   2.59009271e-01  -3.66508333e-01   2.55526492e-01
   0.00000000e+00   0.00000000e+00   0.00000000e+00  -3.93278902e-01
   0.00000000e+00   5.86671456e-01  -2.89527270e-01   1.70777832e+00
   5.04108533e-01   0.00000000e+00  -3.81516024e-01  -6.03018685e-01
   0.00000000e+00   0.00000000e+00   0.00000000e+00   0.00000000e+00
   2.07200377e+00   0.00000000e+00  -1.29900994e-01   0.00000000e+00
   2.03059424e+00   0.00000000e+00  -2.91464463e-01   0.00000000e+00
   1.10554160e+00   0.00000000e+00   2.26052932e+00   1.33679891e+00
  -1.03142125e-01   0.00000000e+00   2.50641030e+00  -4.37986864e-04
   1.27057011e+00   7.83995429e-01  -5.07637263e-01   2.65568297e-01
   0.00000000e+00   0.00000000e+00   0.00000000e+00   0.00000000e+00
   1.22435537e-01  -1.03142125e-01  -1.55752239e-01   0.00000000e+00
   0.00000000e+00   0.00000000e+00   2.49465768e-01   2.88293665e-02
   8.13724028e-01   8.70475428e-01   0.00000000e+00  -7.61520398e-02
  -3.21046670e-01   0.00000000e+00   0.00000000e+00  -2.57367127e-02
  -3.35641913e-01   0.00000000e+00   0.00000000e+00   0.00000000e+00
   0.00000000e+00   0.00000000e+00   0.00000000e+00   0.00000000e+00
   0.00000000e+00  -2.09656967e-01   0.00000000e+00   0.00000000e+00
   0.00000000e+00   0.00000000e+00   0.00000000e+00   0.00000000e+00
   0.00000000e+00   0.00000000e+00   0.00000000e+00  -1.26660099e-01
   0.00000000e+00   0.00000000e+00  -1.95579565e-01  -7.27392967e-02
  -3.18511029e-01  -5.13665497e-02  -2.47896176e-01   4.48454135e+00
   0.00000000e+00  -3.52505823e-01   0.00000000e+00  -1.64398987e-01
  -5.13665497e-02  -2.71009829e-01   0.00000000e+00  -2.09656967e-01
   1.38675049e+00   4.35889894e+00   1.87718127e+00   4.35889894e+00
  -3.08384281e-01   2.08617178e+00   0.00000000e+00   0.00000000e+00
   4.48454135e+00   0.00000000e+00   2.51151196e+00  -4.11376676e-01
   1.84894690e+00   0.00000000e+00   0.00000000e+00   0.00000000e+00
   4.35889894e+00   4.93288286e+00   0.00000000e+00   0.00000000e+00
  -7.27392967e-02   0.00000000e+00   0.00000000e+00   0.00000000e+00
   0.00000000e+00  -1.72656590e-01   0.00000000e+00   0.00000000e+00
   0.00000000e+00   0.00000000e+00   0.00000000e+00   0.00000000e+00
   0.00000000e+00   0.00000000e+00   0.00000000e+00   0.00000000e+00
   0.00000000e+00   1.51072075e+00  -1.74706742e-01  -3.85100895e-01
  -1.71876588e-01   1.12265850e+00   0.00000000e+00   0.00000000e+00
   0.00000000e+00   0.00000000e+00   0.00000000e+00  -2.02721214e-01
  -8.92051550e-02  -7.27392967e-02   0.00000000e+00   0.00000000e+00
  -1.80578780e-01   0.00000000e+00   0.00000000e+00   0.00000000e+00
   0.00000000e+00   0.00000000e+00   0.00000000e+00  -1.72656590e-01
   2.87546391e+00   3.19005809e+00   0.00000000e+00   0.00000000e+00
   0.00000000e+00   8.26858495e-01] misclassified as 0
[ 0.         -0.71548105 -0.36650833 -0.21583306  0.          0.          0.
 -0.54223421  0.          0.60123099 -0.54186755  1.73568817  0.50410853
  0.         -0.38151602 -0.60301868  0.          0.          0.          0.
  2.32031901  0.         -0.80681124  0.          2.03059424  0.
 -0.28245686  0.         -0.90453403  0.          2.27757062 -0.35836322
 -0.10314212  0.         -0.36886793 -0.70316358 -0.34420127 -0.38891112
 -0.49383114  0.2655683   0.          0.          0.          0.
 -0.30052359 -0.10314212 -0.15575224  0.          0.          0.
 -0.21751449  0.02882937 -0.51909981 -0.53113755  0.         -0.66671888
 -0.32104667  0.          0.         -0.67773343 -0.66351833  0.          0.
  0.          0.          0.          0.          0.          0.
 -0.20965697  0.          0.          0.          0.          0.          0.
  0.          0.          0.         -0.1266601   0.          0.
 -0.19557956 -0.0727393  -0.31851103 -0.05136655 -0.24789618 -0.22298824
  0.         -0.35250582  0.         -0.16439899 -0.05136655 -0.27100983
  0.          4.76969601 -0.72111026 -0.22941573 -0.5327136  -0.22941573
 -0.30838428 -0.47934691  0.          0.         -0.22298824  0.
 -0.39816653 -0.41137668 -0.54084841  0.          0.          0.
 -0.22941573 -0.20272121  0.          0.         -0.0727393   0.          0.
  0.          0.         -0.17265659  0.          0.          0.          0.
  0.          0.          0.          0.          0.          0.          0.
  1.53283296 -0.18243173 -0.37685641 -0.17187659 -0.7281451   0.          0.
  0.          0.          0.         -0.20272121 -0.08920516 -0.0727393   0.
  0.         -0.18057878  0.          0.          0.          0.          0.
  0.         -0.17265659 -0.34776997 -0.31347392  0.          0.          0.
 -0.45561591] misclassified as 0
[ 0.          0.25900927 -0.36650833  0.25552649  0.          0.          0.
 -0.41080306  0.          0.58667146 -0.28952727  1.70777832  0.50410853
  0.         -0.38151602 -0.60301868  0.          0.          0.          0.
  2.07735828  0.         -0.12990099  0.          2.03059424  0.
 -0.29146446  0.          1.1055416   0.          2.26052932  1.33679891
 -0.10314212  0.          2.5064103   0.04579396  1.27057011  0.78399543
 -0.50744281  0.2655683   0.          0.          0.          0.
  0.12243554 -0.10314212 -0.15575224  0.          0.          0.
  0.24946577  0.02882937  0.81372403  0.87047543  0.         -0.07615204
 -0.32104667  0.          0.         -0.02573671 -0.33564191  0.          0.
  0.          0.          0.          0.          0.          0.
 -0.20965697  0.          0.          0.          0.          0.          0.
  0.          0.          0.         -0.1266601   0.          0.
 -0.19557956 -0.0727393  -0.31851103 -0.05136655 -0.24789618  4.48454135
  0.         -0.35250582  0.         -0.16439899 -0.05136655 -0.27100983
  0.         -0.20965697  1.38675049  4.35889894  1.87718127  4.35889894
 -0.30838428  2.08617178  0.          0.          4.48454135  0.
  2.51151196 -0.41137668  1.8489469   0.          0.          0.
  4.35889894  4.93288286  0.          0.         -0.0727393   0.          0.
  0.          0.         -0.17265659  0.          0.          0.          0.
  0.          0.          0.          0.          0.          0.          0.
  1.51072075 -0.17470674 -0.38510089 -0.17187659  1.1226585   0.          0.
  0.          0.          0.         -0.20272121 -0.08920516 -0.0727393   0.
  0.         -0.18057878  0.          0.          0.          0.          0.
  0.         -0.17265659  2.87546391  3.19005809  0.          0.          0.
  0.8268585 ] misclassified as 0
[ 0.          0.25900927 -0.36650833 -0.21583306  0.          0.          0.
 -0.44585136  0.          0.60060478  0.71983386  1.70777832  0.50410853
  0.         -0.38151602  0.0162978   0.          0.          0.          0.
  2.31630313  0.         -0.56728915  0.          2.03059424  0.
 -0.29146446  0.         -0.90453403  0.          2.27757062 -0.35836322
 -0.10314212  0.          0.7093614  -0.55522135 -0.34420127 -0.38891112
 -0.49977078 -0.4989465   0.          0.          0.          0.
  0.54539466 -0.10314212  6.42045343  0.          0.          0.
  0.71644602  0.75917332  2.59082248  2.27208841  0.          0.25194065
 -0.32104667  0.          0.         -0.02573671 -0.00776549  0.          0.
  0.          0.          0.          0.          0.          0.
 -0.20965697  0.          0.          0.          0.          0.          0.
  0.          0.          0.         -0.1266601   0.          0.
 -0.19557956 -0.0727393  -0.31851103 -0.05136655 -0.24789618 -0.22298824
  0.         -0.35250582  0.         -0.16439899 -0.05136655 -0.27100983
  0.         -0.20965697 -0.72111026 -0.22941573  1.87718127 -0.22941573
 -0.30838428  2.08617178  0.          0.         -0.22298824  0.
 -0.39816653 -0.41137668 -0.54084841  0.          0.          0.
 -0.22941573 -0.20272121  0.          0.         -0.0727393   0.          0.
  0.          0.         -0.17265659  0.          0.          0.          0.
  0.          0.          0.          0.          0.          0.          0.
  1.53113202 -0.17470674 -0.38356978 -0.17187659 -0.7281451   0.          0.
  0.          0.          0.         -0.20272121 -0.08920516 -0.0727393   0.
  0.         -0.18057878  0.          0.          0.          0.          0.
  0.         -0.17265659 -0.34776997 -0.31347392  0.          0.          0.
  3.3918073 ] misclassified as 0
[ 0.          0.25900927 -0.36650833 -0.21583306  0.          0.          0.
 -0.55099629  0.          0.60060478 -0.54186755  1.70992523  0.50410853
  0.         -0.38151602 -0.29336044  0.          0.          0.          0.
  2.32031901  0.         -0.80681124  0.          2.03059424  0.
 -0.28545939  0.         -0.90453403  0.          2.27757062 -0.35836322
 -0.10314212  0.         -0.36886793 -0.72165636 -0.34420127 -0.38891112
 -0.49439682  0.2655683   0.          0.          0.          0.
 -0.30052359 -0.10314212 -0.15575224  0.          0.          0.
 -0.21751449  0.02882937 -0.51909981 -0.53113755  0.         -0.66671888
 -0.32104667  0.          0.         -0.67773343 -0.66351833  0.          0.
  0.          0.          0.          0.          0.          0.
 -0.20965697  0.          0.          0.          0.          0.          0.
  0.          0.          0.         -0.1266601   0.          0.
 -0.19557956 -0.0727393  -0.31851103 -0.05136655 -0.24789618 -0.22298824
  0.         -0.35250582  0.         -0.16439899 -0.05136655 -0.27100983
  0.          4.76969601 -0.72111026 -0.22941573 -0.5327136  -0.22941573
 -0.30838428 -0.47934691  0.          0.         -0.22298824  0.
 -0.39816653 -0.41137668 -0.54084841  0.          0.          0.
 -0.22941573 -0.20272121  0.          0.         -0.0727393   0.          0.
  0.          0.         -0.17265659  0.          0.          0.          0.
  0.          0.          0.          0.          0.          0.          0.
  1.53113202 -0.18243173 -0.37826975 -0.17187659 -0.7281451   0.          0.
  0.          0.          0.         -0.20272121 -0.08920516 -0.0727393   0.
  0.         -0.18057878  0.          0.          0.          0.          0.
  0.         -0.17265659 -0.34776997 -0.31347392  0.          0.          0.
 -0.45561591] misclassified as 0
[ 0.          0.25900927 -0.36650833 -0.21583306  0.          0.          0.
 -0.58604459  0.         -0.85190468 -0.54186755 -0.87281023 -1.98369981
  0.          0.75110967 -0.60301868  0.          0.          0.          0.
 -1.05435868  0.         -0.81201824  0.         -1.05473364  0.
 -0.72032649  0.         -0.90453403  0.         -0.93897599  4.16206913
 -0.10314212  0.          0.34995163 -0.70316358  1.27057011  3.12980852
 -0.68252072  2.55911268  0.          0.          0.          0.
 -0.30052359 -0.10314212 -0.15575224  0.          0.          0.
 -0.68449474  0.02882937 -0.51909981 -0.53113755  0.          2.02364117
  4.07526809  0.          0.         -0.35173507 -0.33564191  0.          0.
  0.          0.          0.          0.          0.          0.
 -0.20965697  0.          0.          0.          0.          0.          0.
  0.          0.          0.         -0.1266601   0.          0.
 -0.19557956 -0.0727393   3.13960871 -0.05136655 -0.24789618 -0.22298824
  0.          2.83683257  0.         -0.16439899 -0.05136655 -0.27100983
  0.         -0.20965697  1.38675049 -0.22941573 -0.5327136  -0.22941573
 -0.30838428 -0.47934691  0.          0.         -0.22298824  0.
 -0.39816653 -0.41137668 -0.54084841  0.          0.          0.
 -0.22941573 -0.20272121  0.          0.         -0.0727393   0.          0.
  0.          0.         -0.17265659  0.          0.          0.          0.
  0.          0.          0.          0.          0.          0.          0.
 -1.10872608 -0.17470674 -0.62831305 -0.17187659  1.1226585   0.          0.
  0.          0.          0.         -0.20272121 -0.08920516 -0.0727393   0.
  0.         -0.18057878  0.          0.          0.          0.          0.
  0.         -0.17265659 -0.34776997 -0.31347392  0.          0.          0.
 -0.45561591] misclassified as 0
[  0.00000000e+00   2.59009271e-01  -3.66508333e-01   2.55526492e-01
   0.00000000e+00   0.00000000e+00   0.00000000e+00   2.25286831e+00
   0.00000000e+00  -8.18715202e-01   2.48621583e+00  -8.67800772e-01
  -1.98369981e+00   0.00000000e+00  -3.97412525e-03   1.56458902e+00
   0.00000000e+00   0.00000000e+00   0.00000000e+00   0.00000000e+00
  -1.08113122e+00   0.00000000e+00   2.52566996e+00   0.00000000e+00
  -1.27511420e+00   0.00000000e+00  -6.97307059e-01   0.00000000e+00
  -9.04534034e-01   0.00000000e+00  -8.92112399e-01  -3.58363223e-01
  -1.03142125e-01   0.00000000e+00  -9.45815206e-03   2.23718824e+00
  -3.44201267e-01  -3.88911118e-01  -6.44425716e-01   2.65568297e-01
   0.00000000e+00   0.00000000e+00   0.00000000e+00   0.00000000e+00
   6.46682243e+00  -1.03142125e-01  -1.55752239e-01   0.00000000e+00
   0.00000000e+00   0.00000000e+00   2.58436704e+00   4.41089307e+00
  -5.19099811e-01  -5.31137549e-01   0.00000000e+00   3.59848607e+00
   5.17434678e+00   0.00000000e+00   0.00000000e+00   5.51623542e+00
   5.23825721e+00   0.00000000e+00   0.00000000e+00   0.00000000e+00
   0.00000000e+00   0.00000000e+00   0.00000000e+00   0.00000000e+00
   0.00000000e+00  -2.09656967e-01   0.00000000e+00   0.00000000e+00
   0.00000000e+00   0.00000000e+00   0.00000000e+00   0.00000000e+00
   0.00000000e+00   0.00000000e+00   0.00000000e+00  -1.26660099e-01
   0.00000000e+00   0.00000000e+00  -1.95579565e-01  -7.27392967e-02
  -3.18511029e-01  -5.13665497e-02  -2.47896176e-01  -2.22988244e-01
   0.00000000e+00  -3.52505823e-01   0.00000000e+00  -1.64398987e-01
  -5.13665497e-02  -2.71009829e-01   0.00000000e+00  -2.09656967e-01
  -7.21110255e-01  -2.29415734e-01   1.87718127e+00  -2.29415734e-01
  -3.08384281e-01  -4.79346913e-01   0.00000000e+00   0.00000000e+00
  -2.22988244e-01   0.00000000e+00  -3.98166530e-01   2.43086217e+00
  -5.40848414e-01   0.00000000e+00   0.00000000e+00   0.00000000e+00
  -2.29415734e-01  -2.02721214e-01   0.00000000e+00   0.00000000e+00
  -7.27392967e-02   0.00000000e+00   0.00000000e+00   0.00000000e+00
   0.00000000e+00  -1.72656590e-01   0.00000000e+00   0.00000000e+00
   0.00000000e+00   0.00000000e+00   0.00000000e+00   0.00000000e+00
   0.00000000e+00   0.00000000e+00   0.00000000e+00   0.00000000e+00
   0.00000000e+00  -1.09681950e+00  -1.90156722e-01  -6.06759625e-01
  -1.71876588e-01  -7.28145104e-01   0.00000000e+00   0.00000000e+00
   0.00000000e+00   0.00000000e+00   0.00000000e+00  -2.02721214e-01
  -8.92051550e-02  -7.27392967e-02   0.00000000e+00   0.00000000e+00
  -1.80578780e-01   0.00000000e+00   0.00000000e+00   0.00000000e+00
   0.00000000e+00   0.00000000e+00   0.00000000e+00  -1.72656590e-01
  -3.47769971e-01  -3.13473916e-01   0.00000000e+00   0.00000000e+00
   0.00000000e+00  -4.55615906e-01] misclassified as 1
