[  0.           0.94576246   0.          -0.03223896   0.           0.           0.
  -0.52249113   0.          -0.63902026  -0.37571045  -1.2048021
   0.22604179   0.          -0.56667436   3.36786051   0.           0.           0.
   0.          -0.09368531   0.           3.37298529   0.           0.1241231
   0.          -0.81737117   0.           1.34357538   0.          -0.97444859
  -0.4995997    0.           0.           5.27545747  -0.82388894
  -0.54102597  -0.70409816  -0.66600037  -0.78757225   0.           0.           0.
   0.          -0.17253402   0.           0.           0.           0.           0.
  -0.21017476  -0.07703712   3.65043126   7.54829412   0.           1.0514494
  -0.75236953   0.           0.          -1.02450804  -0.96300757   0.           0.
   0.           0.           0.           0.           0.           0.
  -0.16903085   0.           0.           0.           0.           0.           0.
  11.95826074   0.           0.           0.           0.           0.
   1.25356634  -0.0836242    0.          -0.04816831  -0.13736056
  -0.0836242    0.          -0.40935018   0.           9.24121204   0.
   6.8556546    0.          -0.20239529   1.79869234   0.           7.28010989
   0.          -0.16903085   5.91607978   0.           0.          -0.0836242
   0.           8.42614977  -0.09667365   1.83402191   0.           0.           0.
  -0.04816831   0.           0.           0.           0.           0.           0.
   0.           0.          -0.18966081   0.           0.           0.           0.
   0.           0.           0.           0.           0.           0.           0.
  -0.66397261  -0.20297292  -0.63202556  -0.18852328   3.75788901
  -0.04816831   0.           0.           0.           0.          -0.1616424
   0.           0.           0.           0.          -0.06819943   0.           0.
   0.          -0.04816831   0.           0.           0.          -0.12833779
  -0.04816831   0.           0.           0.           5.27300513] misclassified as 0
[ 0.          3.68171814  0.         -0.51248834  0.          0.          0.
 -0.68847246  0.         -0.95424683 -0.57935777 -1.22225073 -4.42396073
  0.         -0.15798768 -0.05869564  0.          0.          0.          0.
 -1.33231465  0.         -0.86681114  0.         -0.15846546  0.         -0.8346281
  0.          1.34357538  0.         -1.32032526 -0.4995997   0.          0.
 -0.74726353 -0.78785279  0.22527966  0.47030495 -0.71196491  0.14202122
  0.          0.          0.          0.         -0.67614683  0.          0.
  0.          0.          0.         -0.65092959 -0.77037122 -0.21473125
 -0.21566555  0.         -0.93641117 -0.75236953  0.          0.
 -1.02450804 -0.96300757  0.          0.          0.          0.          0.
  0.          0.          0.         -0.16903085  0.          0.          0.
  0.          0.          0.         -0.0836242   0.          0.          0.
  0.          0.         -0.79772404 -0.0836242   0.         -0.04816831
 -0.13736056 -0.0836242   0.         -0.40935018  0.         -0.10821091
  0.         -0.14586499  0.         -0.20239529 -0.55595945  0.
 -0.13736056  0.         -0.16903085 -0.16903085  0.          0.         -0.0836242
  0.         -0.11867817 -0.09667365 -0.54524976  0.          0.          0.
 -0.04816831  0.          0.          0.          0.          0.          0.
  0.          0.         -0.18966081  0.          0.          0.          0.
  0.          0.          0.          0.          0.          0.          0.
 -1.33385556 -0.21680871 -0.65609418 -0.18852328 -0.65354592 -0.04816831
  0.          0.          0.          0.         -0.1616424   0.          0.
  0.          0.         -0.06819943  0.          0.          0.
 -0.04816831  0.          0.          0.         -0.12833779 -0.04816831
  0.          0.          0.         -0.17660783] misclassified as 0
[ 0.          0.94576246  0.         -0.51248834  0.          0.          0.
 -0.68847246  0.         -0.95424683 -0.57935777 -1.22225073 -4.42396073
  0.         -0.15798768 -0.05869564  0.          0.          0.          0.
 -1.33231465  0.         -0.86681114  0.         -0.15846546  0.         -0.8346281
  0.          1.34357538  0.         -1.32032526 -0.4995997   0.          0.
 -0.74726353 -0.78785279  0.22527966 -0.11689661 -0.71196491  0.14202122
  0.          0.          0.          0.         -0.67614683  0.          0.
  0.          0.          0.         -0.65092959 -0.77037122 -0.21473125
 -0.21566555  0.         -0.93641117 -0.75236953  0.          0.
 -1.02450804 -0.96300757  0.          0.          0.          0.          0.
  0.          0.          0.         -0.16903085  0.          0.          0.
  0.          0.          0.         -0.0836242   0.          0.          0.
  0.          0.         -0.79772404 -0.0836242   0.         -0.04816831
 -0.13736056 -0.0836242   0.         -0.40935018  0.         -0.10821091
  0.         -0.14586499  0.         -0.20239529 -0.55595945  0.
 -0.13736056  0.         -0.16903085 -0.16903085  0.          0.         -0.0836242
  0.         -0.11867817 -0.09667365 -0.54524976  0.          0.          0.
 -0.04816831  0.          0.          0.          0.          0.          0.
  0.          0.         -0.18966081  0.          0.          0.          0.
  0.          0.          0.          0.          0.          0.          0.
 -1.33385556 -0.21680871 -0.65609418 -0.18852328 -0.65354592 -0.04816831
  0.          0.          0.          0.         -0.1616424   0.          0.
  0.          0.         -0.06819943  0.          0.          0.
 -0.04816831  0.          0.          0.         -0.12833779 -0.04816831
  0.          0.          0.         -0.17660783] misclassified as 0
[  0.           0.03377723   0.           1.88875855   0.           0.           0.
   0.24286723   0.          -0.63810213  -0.37571045  -1.2048021
   0.22604179   0.          -0.56667436  -0.74400687   0.           0.           0.
   0.          -0.0908493    0.          -0.34201549   0.           0.1241231
   0.          -0.81737117   0.          -0.74428277   0.          -0.97017851
  -0.4995997    0.           0.           1.05955277  -0.46352746
   0.22527966   5.16791742  -0.66557728   4.78998859   0.           0.           0.
   0.          -0.17253402   0.           0.           0.           0.           0.
  -0.21017476  -0.07703712  -0.21473125  -0.21566555   0.          -0.41783885
   0.67945266   0.           0.          -0.37268555  -0.349862     0.           0.
   0.           0.           0.           0.           0.           0.
  -0.16903085   0.           0.           0.           0.           0.           0.
  -0.0836242    0.           0.           0.           0.           0.
  -0.79772404  11.95826074   0.          -0.04816831  -0.13736056
  -0.0836242    0.          -0.40935018   0.          -0.10821091   0.
  -0.14586499   0.           4.94082632  -0.55595945   0.          -0.13736056
   0.           5.91607978  -0.16903085   0.           0.          -0.0836242
   0.          -0.11867817  -0.09667365  -0.54524976   0.           0.           0.
  -0.04816831   0.           0.           0.           0.           0.           0.
   0.           0.          -0.18966081   0.           0.           0.           0.
   0.           0.           0.           0.           0.           0.           0.
  -0.66046537  -0.20297292  -0.63180167  -0.18852328   1.11102806
  -0.04816831   0.           0.           0.           0.          -0.1616424
   0.           0.           0.           0.          -0.06819943   0.           0.
   0.          -0.04816831   0.           0.           0.          -0.12833779
  -0.04816831   0.           0.           0.          -0.17660783] misclassified as 0
[  0.           0.03377723   0.           1.88875855   0.           0.           0.
   0.24286723   0.          -0.63810213  -0.37571045  -1.2048021
   0.22604179   0.          -0.56667436  -0.74400687   0.           0.           0.
   0.          -0.0908493    0.          -0.34201549   0.           0.1241231
   0.          -0.81737117   0.          -0.74428277   0.          -0.97017851
  -0.4995997    0.           0.           1.05955277  -0.46352746
   0.22527966   5.16791742  -0.66523881   4.78998859   0.           0.           0.
   0.          -0.17253402   0.           0.           0.           0.           0.
  -0.21017476  -0.07703712  -0.21473125  -0.21566555   0.          -0.41783885
   0.67945266   0.           0.          -0.0467743   -0.349862     0.           0.
   0.           0.           0.           0.           0.           0.
  -0.16903085   0.           0.           0.           0.           0.           0.
  -0.0836242    0.           0.           0.           0.           0.
  -0.79772404  11.95826074   0.          -0.04816831  -0.13736056
  -0.0836242    0.          -0.40935018   0.          -0.10821091   0.
  -0.14586499   0.           4.94082632  -0.55595945   0.          -0.13736056
   0.           5.91607978  -0.16903085   0.           0.          -0.0836242
   0.          -0.11867817  -0.09667365  -0.54524976   0.           0.           0.
  -0.04816831   0.           0.           0.           0.           0.           0.
   0.           0.          -0.18966081   0.           0.           0.           0.
   0.           0.           0.           0.           0.           0.           0.
  -0.66046537  -0.20297292  -0.63124193  -0.18852328   1.11102806
  -0.04816831   0.           0.           0.           0.          -0.1616424
   0.           0.           0.           0.          -0.06819943   0.           0.
   0.          -0.04816831   0.           0.           0.          -0.12833779
  -0.04816831   0.           0.           0.          -0.17660783] misclassified as 0
[  0.           0.94576246   0.          -0.03223896   0.           0.           0.
  -0.52249113   0.          -0.63902026  -0.37571045  -1.2048021
   0.22604179   0.          -0.56667436   3.36786051   0.           0.           0.
   0.          -0.13693453   0.           3.37298529   0.           0.1241231
   0.          -0.81737117   0.           1.34357538   0.          -1.00006909
  -0.4995997    0.           0.           5.27545747  -0.82388894
  -0.54102597  -0.70409816  -0.66650808  -0.78757225   0.           0.           0.
   0.          -0.17253402   0.           0.           0.           0.           0.
  -0.21017476  -0.07703712   3.65043126   7.54829412   0.           1.0514494
  -0.75236953   0.           0.          -1.02450804  -0.96300757   0.           0.
   0.           0.           0.           0.           0.           0.
  -0.16903085   0.           0.           0.           0.           0.           0.
  11.95826074   0.           0.           0.           0.           0.
   1.25356634  -0.0836242    0.          -0.04816831  -0.13736056
  -0.0836242    0.          -0.40935018   0.           9.24121204   0.
   6.8556546    0.          -0.20239529   1.79869234   0.           7.28010989
   0.          -0.16903085   5.91607978   0.           0.          -0.0836242
   0.           8.42614977  -0.09667365   1.83402191   0.           0.           0.
  -0.04816831   0.           0.           0.           0.           0.           0.
   0.           0.          -0.18966081   0.           0.           0.           0.
   0.           0.           0.           0.           0.           0.           0.
  -0.66397261  -0.20297292  -0.63269724  -0.18852328   3.75788901
  -0.04816831   0.           0.           0.           0.          -0.1616424
   0.           0.           0.           0.          -0.06819943   0.           0.
   0.          -0.04816831   0.           0.           0.          -0.12833779
  -0.04816831   0.           0.           0.           5.27300513] misclassified as 0
[ 0.          0.03377723  0.         -0.51248834  0.          0.          0.
 -0.63314535  0.         -0.82371855 -0.57935777 -1.2048021   0.22604179
  0.         -0.56667436 -0.74400687  0.          0.          0.          0.
 -0.80056193  0.         -0.99801005  0.         -0.08781832  0.         -0.8203295
  0.          1.34357538  0.         -1.20930312 -0.35638333  0.          0.
  0.45728067 -0.85091605 -0.54102597 -0.70409816 -0.68498867 -0.78757225
  0.          0.          0.          0.         -0.17253402  0.          0.
  0.          0.          0.         -0.65092959 -0.77037122 -0.21473125
 -0.21566555  0.         -0.67712501 -0.03645844  0.          0.
 -1.02450804 -0.96300757  0.          0.          0.          0.          0.
  0.          0.          0.         -0.16903085  0.          0.          0.
  0.          0.          0.         -0.0836242   0.          0.          0.
  0.          0.          1.25356634 -0.0836242   0.         -0.04816831
 -0.13736056 -0.0836242   0.          2.44289622  0.         -0.10821091
  0.         -0.14586499  0.         -0.20239529 -0.55595945  0.
 -0.13736056  0.         -0.16903085 -0.16903085  0.          0.         -0.0836242
  0.         -0.11867817 -0.09667365 -0.54524976  0.          0.          0.
 -0.04816831  0.          0.          0.          0.          0.          0.
  0.          0.         -0.18966081  0.          0.          0.          0.
  0.          0.          0.          0.          0.          0.          0.
 -0.99891409 -0.20989081 -0.6399738  -0.18852328  0.22874107 -0.04816831
  0.          0.          0.          0.         -0.1616424   0.          0.
  0.          0.         -0.06819943  0.          0.          0.
 -0.04816831  0.          0.          0.         -0.12833779 -0.04816831
  0.          0.          0.         -0.17660783] misclassified as 0
[  0.           0.94576246   0.          -0.03223896   0.           0.           0.
  -0.52249113   0.          -0.63902026  -0.37571045  -1.2048021
   0.22604179   0.          -0.56667436   3.36786051   0.           0.           0.
   0.          -0.10077535   0.           3.37298529   0.           0.1241231
   0.          -0.81737117   0.           1.34357538   0.          -0.97871868
  -0.4995997    0.           0.           5.27545747  -0.82388894
  -0.54102597  -0.70409816  -0.66608499  -0.78757225   0.           0.           0.
   0.          -0.17253402   0.           0.           0.           0.           0.
  -0.21017476  -0.07703712   3.65043126   7.54829412   0.           1.0514494
  -0.75236953   0.           0.          -1.02450804  -0.96300757   0.           0.
   0.           0.           0.           0.           0.           0.
  -0.16903085   0.           0.           0.           0.           0.           0.
  11.95826074   0.           0.           0.           0.           0.
   1.25356634  -0.0836242    0.          -0.04816831  -0.13736056
  -0.0836242    0.          -0.40935018   0.           9.24121204   0.
   6.8556546    0.          -0.20239529   1.79869234   0.           7.28010989
   0.          -0.16903085   5.91607978   0.           0.          -0.0836242
   0.           8.42614977  -0.09667365   1.83402191   0.           0.           0.
  -0.04816831   0.           0.           0.           0.           0.           0.
   0.           0.          -0.18966081   0.           0.           0.           0.
   0.           0.           0.           0.           0.           0.           0.
  -0.66397261  -0.20297292  -0.63213751  -0.18852328   3.75788901
  -0.04816831   0.           0.           0.           0.          -0.1616424
   0.           0.           0.           0.          -0.06819943   0.           0.
   0.          -0.04816831   0.           0.           0.          -0.12833779
  -0.04816831   0.           0.           0.           5.27300513] misclassified as 0
[  0.           0.03377723   0.           1.88875855   0.           0.           0.
   0.24286723   0.          -0.63810213  -0.37571045  -1.2048021
   0.22604179   0.          -0.56667436  -0.74400687   0.           0.           0.
   0.          -0.0908493    0.          -0.34201549   0.           0.1241231
   0.          -0.81737117   0.          -0.74428277   0.          -0.97017851
  -0.4995997    0.           0.           1.05955277  -0.46352746
   0.22527966   5.16791742  -0.66554344   4.78998859   0.           0.           0.
   0.          -0.17253402   0.           0.           0.           0.           0.
  -0.21017476  -0.07703712  -0.21473125  -0.21566555   0.          -0.41783885
   0.67945266   0.           0.          -0.0467743   -0.349862     0.           0.
   0.           0.           0.           0.           0.           0.
  -0.16903085   0.           0.           0.           0.           0.           0.
  -0.0836242    0.           0.           0.           0.           0.
  -0.79772404  11.95826074   0.          -0.04816831  -0.13736056
  -0.0836242    0.          -0.40935018   0.          -0.10821091   0.
  -0.14586499   0.           4.94082632  -0.55595945   0.          -0.13736056
   0.           5.91607978  -0.16903085   0.           0.          -0.0836242
   0.          -0.11867817  -0.09667365  -0.54524976   0.           0.           0.
  -0.04816831   0.           0.           0.           0.           0.           0.
   0.           0.          -0.18966081   0.           0.           0.           0.
   0.           0.           0.           0.           0.           0.           0.
  -0.66046537  -0.20297292  -0.63168972  -0.18852328   1.11102806
  -0.04816831   0.           0.           0.           0.          -0.1616424
   0.           0.           0.           0.          -0.06819943   0.           0.
   0.          -0.04816831   0.           0.           0.          -0.12833779
  -0.04816831   0.           0.           0.          -0.17660783] misclassified as 0
[ 0.         -0.878208    0.         -0.51248834  0.          0.          0.
 -0.22741321  0.         -0.08798587  0.23523151 -0.23284884  0.22604179
  0.         -0.56667436 -0.05869564  0.          0.          0.          0.
 -0.6587612   0.         -0.36963631  0.         -0.72364259  0.
  0.78209948  0.         -0.74428277  0.         -0.16740304 -0.21316696
  0.          0.         -0.74726353 -0.37343709 -0.54102597 -0.70409816
  0.85142169 -0.78757225  0.          0.          0.          0.
  0.83469161  0.          0.          0.          0.          0.
 -0.65092959 -0.77037122 -0.21473125 -0.21566555  0.         -0.80676809
 -0.75236953  0.          0.         -1.02450804 -0.65643478  0.          0.
  0.          0.          0.          0.          0.          0.
 -0.16903085  0.          0.          0.          0.          0.          0.
 -0.0836242   0.          0.          0.          0.          0.
 -0.79772404 -0.0836242   0.         -0.04816831 -0.13736056 -0.0836242   0.
 -0.40935018  0.         -0.10821091  0.         -0.14586499  0.
 -0.20239529 -0.55595945  0.         -0.13736056  0.         -0.16903085
 -0.16903085  0.          0.         -0.0836242   0.         -0.11867817
 -0.09667365 -0.54524976  0.          0.          0.         -0.04816831
  0.          0.          0.          0.          0.          0.          0.
  0.         -0.18966081  0.          0.          0.          0.          0.
  0.          0.          0.          0.          0.          0.
  0.22686651 -0.16838345  0.6568208  -0.18852328  6.40474997 -0.04816831
  0.          0.          0.          0.         -0.1616424   0.          0.
  0.          0.         -0.06819943  0.          0.          0.
 -0.04816831  0.          0.          0.         -0.12833779 -0.04816831
  0.          0.          0.         -0.17660783] misclassified as 1
[  0.           0.03377723   0.          17.73698807   0.           0.           0.
   2.3545186    0.           0.18362925   2.2717047    0.12193995
   0.22604179   0.           5.15493925   1.31192682   0.           0.           0.
   0.          -0.42124499   0.          -0.11414369   0.          -0.08781832
   0.           1.33629337   0.           1.34357538   0.           0.2809556
  -0.06995059   0.           0.           0.45728067   7.41037083
  -0.54102597   0.47030495   1.33667249   0.60681796   0.           0.           0.
   0.           4.86359413   0.           0.           0.           0.           0.
   1.55284458   4.08296744  -0.21473125  -0.21566555   0.           4.29252641
  -0.75236953   0.           0.          -0.0467743   -0.349862     0.           0.
   0.           0.           0.           0.           0.           0.
  -0.16903085   0.           0.           0.           0.           0.           0.
  -0.0836242    0.           0.           0.           0.           0.
   1.25356634  -0.0836242    0.          -0.04816831  -0.13736056
  11.95826074   0.          -0.40935018   0.          -0.10821091   0.
  -0.14586499   0.          -0.20239529  -0.55595945   0.          -0.13736056
   0.          -0.16903085  -0.16903085   0.           0.          -0.0836242
   0.          -0.11867817  -0.09667365  -0.54524976   0.           0.           0.
  -0.04816831   0.           0.           0.           0.           0.           0.
   0.           0.          -0.18966081   0.           0.           0.           0.
   0.           0.           0.           0.           0.           0.           0.
   0.77399604  -0.15454767   1.07897311  -0.18852328   0.22874107
  -0.04816831   0.           0.           0.           0.          -0.1616424
   0.           0.           0.           0.          -0.06819943   0.           0.
   0.          -0.04816831   0.           0.           0.          -0.12833779
  -0.04816831   0.           0.           0.          -0.17660783] misclassified as 1
