[ 0.          0.30927427 -0.3381856   0.90988872 -0.05136655  0.          0.
  1.30679744  0.         -0.58533533  0.50102813 -0.57652626  0.46684978
  0.          4.32284874 -0.55342116  0.          0.          0.          0.
 -0.97721279  0.          3.390613    0.         -1.01726697  0.
 -0.16584348  0.          1.04303024  0.         -0.65275398 -0.36966617
 -0.08920516  0.         -0.42438678  1.48075405  9.47591724  4.97955783
 -0.1262426   3.10508062  0.          0.          0.          0.
  1.16814887 -0.08920516 -0.13699181  0.          0.          0.
  0.76982153  2.21077107 -0.4409666  -0.60663781  0.          1.22240973
 -0.27618433  0.          0.          0.23830023  0.34585536  0.          0.
  0.          0.          0.          0.          0.          0.
 -0.19557956  0.          0.          0.          0.          0.          0.
  0.         -0.05136655  0.         -0.13699181  0.          0.
  4.03394686 -0.05136655 -0.28203804 -0.0727393  -0.27100983 -0.27100983
  0.         -0.31851103 -0.05136655 -0.18820824 -0.0727393  -0.28203804
  0.         -0.24185909 -0.74657689 -0.30323922 -0.61384981 -0.30323922
 -0.30838428 -0.57329864  0.          0.         -0.25964539  0.
 -0.45003516 -0.40699407 -0.56114071  0.          0.          0.
 -0.29277002 -0.24185909  0.          0.         -0.0727393   0.          0.
  0.          0.         -0.15575224  0.          0.          0.          0.
  0.          0.          0.          0.          0.          0.          0.
 -0.70894771 -0.15923509 -0.12709622 -0.15443336 -0.75619261 -0.06898831
  0.          0.          0.          0.         -0.18820824 -0.0727393
 -0.0727393   0.          0.         -0.18820824  0.          0.          0.
  0.          0.          0.         -0.18057878 -0.39816653 -0.37111259
  0.          0.          0.         -0.52544616] misclassified as 1
[ 0.         -0.63091952 -0.3381856   0.90988872 -0.05136655  0.          0.
  3.30075585  0.         -0.72859356  0.91763795 -0.85446487  0.46684978
  0.          0.50265683  0.02832169  0.          0.          0.          0.
 -0.57006883  0.          5.44473645  0.         -1.29239968  0.
 -0.49209421  0.          1.04303024  0.         -0.55687361 -0.36966617
 -0.08920516  0.         -0.42438678  2.02115926 -0.40024445 -0.40374793
 -0.44299645  0.94667092  0.          0.          0.          0.
  1.88180896 -0.08920516 -0.13699181  0.          0.          0.
  1.79505113  2.21077107 -0.4409666  -0.60663781  0.          2.83099548
  2.22262625  0.          0.          3.69696329  3.16462295  0.          0.
  0.          0.          0.          0.          0.          0.
 -0.19557956  0.          0.          0.          0.          0.          0.
  0.         -0.05136655  0.         -0.13699181  0.          0.
 -0.24789618 -0.05136655 -0.28203804 -0.0727393  -0.27100983 -0.27100983
  0.         -0.31851103 -0.05136655 -0.18820824 -0.0727393  -0.28203804
  0.         -0.24185909 -0.74657689 -0.30323922  1.62906297 -0.30323922
 -0.30838428 -0.57329864  0.          0.         -0.25964539  0.
 -0.45003516 -0.40699407 -0.56114071  0.          0.          0.
 -0.29277002 -0.24185909  0.          0.         -0.0727393   0.          0.
  0.          0.         -0.15575224  0.          0.          0.          0.
  0.          0.          0.          0.          0.          0.          0.
 -1.0360099   0.05072096 -0.47461481 -0.15443336  1.20526263 -0.06898831
  0.          0.          0.          0.         -0.18820824 -0.0727393
 -0.0727393   0.          0.         -0.18820824  0.          0.          0.
  0.          0.          0.         -0.18057878 -0.39816653 -0.37111259
  0.          0.          0.         -0.52544616] misclassified as 1
[ 0.          0.30927427 -0.3381856   0.30857096 -0.05136655  0.          0.
  1.78344089  0.         -0.03469608  1.33424777  0.25728958  0.46684978
  0.         -0.3462747  -0.55342116  0.          0.          0.          0.
  0.12533562  0.          0.398274    0.         -0.19186886  0.
  1.15244569  0.          1.04303024  0.         -0.14938204 -0.36966617
 -0.08920516  0.         -0.74436095  1.06505773 -0.40024445 -0.40374793
  0.81102807 -0.49226888  0.          0.          0.          0.
  1.40603557 -0.08920516 -0.13699181  0.          0.          0.
  1.79505113  2.21077107 -0.4409666  -0.60663781  0.         -0.5324111
 -0.27618433  0.          0.         -0.3905476  -0.35883653  0.          0.
  0.          0.          0.          0.          0.          0.
 -0.19557956  0.          0.          0.          0.          0.          0.
  0.         -0.05136655  0.         -0.13699181  0.          0.
 -0.24789618 -0.05136655 -0.28203804 -0.0727393  -0.27100983 -0.27100983
  0.         -0.31851103 -0.05136655 -0.18820824 -0.0727393  -0.28203804
  0.         -0.24185909 -0.74657689 -0.30323922 -0.61384981 -0.30323922
 -0.30838428 -0.57329864  0.          0.         -0.25964539  0.
 -0.45003516 -0.40699407 -0.56114071  0.          0.          0.
 -0.29277002 -0.24185909  0.          0.         -0.0727393   0.          0.
  0.          0.          6.42045343  0.          0.          0.          0.
  0.          0.          0.          0.          0.          0.          0.
 -1.23753306  7.38238625 -0.66603973  7.27375658 -0.75619261 -0.06898831
  0.          0.          0.          0.         -0.18820824 -0.0727393
 -0.0727393   0.          0.         -0.18820824  0.          0.          0.
  0.          0.          0.         -0.18057878 -0.39816653 -0.37111259
  0.          0.          0.         -0.52544616] misclassified as 1
[ 0.          0.30927427 -0.3381856  -0.29274681 -0.05136655  0.          0.
  0.76660154  0.          0.86856701  0.08441831  0.00673408  0.46684978
  0.         -0.3462747  -0.55342116  0.          0.          0.          0.
 -0.59947012  0.          2.44528975  0.         -0.53578474  0.
  0.61558362  0.         -0.95874497  0.         -0.40905804 -0.36966617
 -0.08920516  0.          1.17548403 -0.16817469 -0.40024445 -0.40374793
  0.62523162  0.94667092  0.          0.          0.          0.
  0.45448879 -0.08920516 -0.13699181  0.          0.          0.
 -0.59715128 -0.05058292  0.87071487  2.38715918  0.          0.56435192
  0.97322096  0.          0.          2.12484371  0.34585536  0.          0.
  0.          0.          0.          0.          0.          0.
 -0.19557956  0.          0.          0.          0.          0.          0.
  0.         -0.05136655  0.         -0.13699181  0.          0.
 -0.24789618 -0.05136655 -0.28203804 -0.0727393   3.68990306 -0.27100983
  0.         -0.31851103 -0.05136655 -0.18820824 -0.0727393   3.54562104
  0.         -0.24185909  1.33944677 -0.30323922  1.62906297 -0.30323922
 -0.30838428  1.7442916   0.          0.         -0.25964539  0.
 -0.45003516  2.45703827 -0.56114071  0.          0.          0.
  3.41565026 -0.24185909  0.          0.         -0.0727393   0.          0.
  0.          0.         -0.15575224  0.          0.          0.          0.
  0.          0.          0.          0.          0.          0.          0.
  0.10705592 -0.10884564  0.79549236 -0.15443336 -0.75619261 -0.06898831
  0.          0.          0.          0.         -0.18820824 -0.0727393
 -0.0727393   0.          0.         -0.18820824  0.          0.          0.
  0.          0.          0.         -0.18057878  2.51151196 -0.37111259
  0.          0.          0.          2.03441974] misclassified as 1
[ 0.         -0.63091952 -0.3381856   0.30857096 -0.05136655  0.          0.
  3.97600073  0.         -0.53993443  4.66712632 -0.61143973  0.46684978
  0.          0.50265683  0.90093597  0.          0.          0.          0.
 -0.2409022   0.          0.34141245  0.         -1.08605015  0.
 -0.10138066  0.         -0.95874497  0.          0.39793508 -0.36966617
 -0.08920516  0.         -0.74436095  2.804054   -0.40024445 -0.40374793
 -0.11112042 -0.49226888  0.          0.          0.          0.
  2.11969565 -0.08920516 -0.13699181  0.          0.          0.
  5.89596955  2.21077107 -0.4409666  -0.60663781  0.          2.09982014
 -0.27618433  0.          0.          4.64023503  4.22166079  0.          0.
  0.          0.          0.          0.          0.          0.
 -0.19557956  0.          0.          0.          0.          0.          0.
  0.         -0.05136655  0.         -0.13699181  0.          0.
 -0.24789618 -0.05136655 -0.28203804 -0.0727393  -0.27100983 -0.27100983
  0.         -0.31851103 -0.05136655 -0.18820824 -0.0727393  -0.28203804
  0.         -0.24185909 -0.74657689 -0.30323922 -0.61384981 -0.30323922
 -0.30838428 -0.57329864  0.          0.         -0.25964539  0.
 -0.45003516 -0.40699407 -0.56114071  0.          0.          0.
 -0.29277002 -0.24185909  0.          0.         -0.0727393   0.          0.
  0.          0.         -0.15575224  0.          0.          0.          0.
  0.          0.          0.          0.          0.          0.          0.
 -0.71720686  0.22708404 -0.25024436 -0.15443336 -0.75619261 -0.06898831
  0.          0.          0.          0.         -0.18820824 -0.0727393
 -0.0727393   0.          0.         -0.18820824  0.          0.          0.
  0.          0.          0.         -0.18057878 -0.39816653 -0.37111259
  0.          0.          0.         -0.52544616] misclassified as 1
[  0.00000000e+00  -6.30919520e-01  -3.38185602e-01   3.08570958e-01
  -5.13665497e-02   0.00000000e+00   0.00000000e+00   3.14187471e+00
   0.00000000e+00  -4.54961133e-01   2.16746740e+00  -2.72573684e-01
   4.66849781e-01   0.00000000e+00   6.02071180e+00   3.51877879e+00
   0.00000000e+00   0.00000000e+00   0.00000000e+00   0.00000000e+00
  -6.74251661e-01   0.00000000e+00   1.28181643e-01   0.00000000e+00
  -8.79700619e-01   0.00000000e+00   2.92285383e-01   0.00000000e+00
   1.04303024e+00   0.00000000e+00  -6.60744013e-01   8.95377256e+00
  -8.92051550e-02   0.00000000e+00  -7.44360945e-01   1.95880481e+00
   1.57498789e+00   6.32538427e+00   2.02148893e-01   4.54402042e+00
   0.00000000e+00   0.00000000e+00   0.00000000e+00   0.00000000e+00
   1.40603557e+00  -8.92051550e-02  -1.36991810e-01   0.00000000e+00
   0.00000000e+00   0.00000000e+00   1.45330793e+00   1.64543258e+00
  -4.40966597e-01  -6.06637812e-01   0.00000000e+00   3.85464096e+00
   9.73220962e-01   0.00000000e+00   0.00000000e+00  -7.61236845e-02
  -6.49058325e-03   0.00000000e+00   0.00000000e+00   0.00000000e+00
   0.00000000e+00   0.00000000e+00   0.00000000e+00   0.00000000e+00
   0.00000000e+00  -1.95579565e-01   0.00000000e+00   0.00000000e+00
   0.00000000e+00   0.00000000e+00   0.00000000e+00   0.00000000e+00
   0.00000000e+00  -5.13665497e-02   0.00000000e+00  -1.36991810e-01
   0.00000000e+00   0.00000000e+00  -2.47896176e-01  -5.13665497e-02
  -2.82038037e-01  -7.27392967e-02  -2.71009829e-01  -2.71009829e-01
   0.00000000e+00  -3.18511029e-01  -5.13665497e-02  -1.88208245e-01
  -7.27392967e-02  -2.82038037e-01   0.00000000e+00  -2.41859095e-01
  -7.46576888e-01  -3.03239217e-01  -6.13849814e-01  -3.03239217e-01
  -3.08384281e-01  -5.73298638e-01   0.00000000e+00   0.00000000e+00
  -2.59645393e-01   0.00000000e+00  -4.50035160e-01  -4.06994068e-01
  -5.61140707e-01   0.00000000e+00   0.00000000e+00   0.00000000e+00
  -2.92770022e-01  -2.41859095e-01   0.00000000e+00   0.00000000e+00
  -7.27392967e-02   0.00000000e+00   0.00000000e+00   0.00000000e+00
   0.00000000e+00  -1.55752239e-01   0.00000000e+00   0.00000000e+00
   0.00000000e+00   0.00000000e+00   0.00000000e+00   0.00000000e+00
   0.00000000e+00   0.00000000e+00   0.00000000e+00   0.00000000e+00
   0.00000000e+00  -3.98403819e-01  -1.42438605e-01   1.67368699e-01
  -1.54433360e-01  -7.56192615e-01  -6.89883075e-02   0.00000000e+00
   0.00000000e+00   0.00000000e+00   0.00000000e+00  -1.88208245e-01
  -7.27392967e-02  -7.27392967e-02   0.00000000e+00   0.00000000e+00
  -1.88208245e-01   0.00000000e+00   0.00000000e+00   0.00000000e+00
   0.00000000e+00   0.00000000e+00   0.00000000e+00  -1.80578780e-01
  -3.98166530e-01  -3.71112585e-01   0.00000000e+00   0.00000000e+00
   0.00000000e+00  -5.25446158e-01] misclassified as 1
[ 0.          0.30927427 -0.3381856   1.51120648 -0.05136655  0.          0.
  0.61566445  0.          3.63311344 -0.1238866   1.87289334  0.46684978
  0.          0.50265683 -0.55342116  0.          0.          0.          0.
  0.812431    0.          0.32008937  0.          1.32136101  0.          3.324006
  0.          1.04303024  0.          1.17696309 -0.36966617 -0.08920516
  0.         -0.42438678  0.40687189  1.57498789  0.94207851  3.1019368
  0.22720102  0.          0.          0.          0.         -0.25917129
 -0.08920516 -0.13699181  0.          0.          0.         -0.25540808
 -0.05058292  0.5427945   0.89026068  0.         -0.16682343  0.97322096
  0.          0.         -0.70497151 -0.71118248  0.          0.          0.
  0.          0.          0.          0.          0.         -0.19557956
  0.          0.          0.          0.          0.          0.          0.
 -0.05136655  0.         -0.13699181  0.          0.         -0.24789618
 -0.05136655 -0.28203804 -0.0727393   3.68990306 -0.27100983  0.
 -0.31851103 -0.05136655 -0.18820824 -0.0727393  -0.28203804  0.
 -0.24185909 -0.74657689 -0.30323922 -0.61384981 -0.30323922 -0.30838428
 -0.57329864  0.          0.         -0.25964539  0.         -0.45003516
 -0.40699407 -0.56114071  0.          0.          0.         -0.29277002
 -0.24185909  0.          0.         -0.0727393   0.          0.          0.
  0.         -0.15575224  0.          0.          0.          0.          0.
  0.          0.          0.          0.          0.          0.
  2.46586804 -0.15923509  3.43068074 -0.15443336 -0.75619261 -0.06898831
  0.          0.          0.          0.         -0.18820824 -0.0727393
 -0.0727393   0.          0.         -0.18820824  0.          0.          0.
  0.          0.          0.         -0.18057878 -0.39816653 -0.37111259
  0.          0.          0.          0.75448679] misclassified as 1
[  0.00000000e+00   3.09274275e-01  -3.38185602e-01   4.51779530e+00
  -5.13665497e-02   0.00000000e+00   0.00000000e+00   2.72083966e+00
   0.00000000e+00  -2.17986863e-01   4.87543123e+00  -5.00858783e-02
   4.66849781e-01   0.00000000e+00   9.27122597e-01   2.64616451e+00
   0.00000000e+00   0.00000000e+00   0.00000000e+00   0.00000000e+00
   4.73582805e-02   0.00000000e+00   1.40045880e+00   0.00000000e+00
  -3.98218387e-01   0.00000000e+00   6.86935592e-01   0.00000000e+00
   1.04303024e+00   0.00000000e+00  -4.25038102e-01   1.49502158e+00
  -8.92051550e-02   0.00000000e+00   5.35535703e-01   4.43219791e+00
   3.55022023e+00   4.97955783e+00   5.12136661e-01   2.38561072e+00
   0.00000000e+00   0.00000000e+00   0.00000000e+00   0.00000000e+00
   1.64392226e+00  -8.92051550e-02  -1.36991810e-01   0.00000000e+00
   0.00000000e+00   0.00000000e+00   4.18725354e+00   3.34144807e+00
  -4.40966597e-01  -6.06637812e-01   0.00000000e+00   1.44176233e+00
  -2.76184327e-01   0.00000000e+00   0.00000000e+00   2.38300230e-01
  -6.49058325e-03   0.00000000e+00   0.00000000e+00   0.00000000e+00
   0.00000000e+00   0.00000000e+00   0.00000000e+00   0.00000000e+00
   0.00000000e+00  -1.95579565e-01   0.00000000e+00   0.00000000e+00
   0.00000000e+00   0.00000000e+00   0.00000000e+00   0.00000000e+00
   0.00000000e+00  -5.13665497e-02   0.00000000e+00  -1.36991810e-01
   0.00000000e+00   0.00000000e+00   4.03394686e+00  -5.13665497e-02
  -2.82038037e-01  -7.27392967e-02   3.68990306e+00   3.68990306e+00
   0.00000000e+00  -3.18511029e-01  -5.13665497e-02  -1.88208245e-01
  -7.27392967e-02  -2.82038037e-01   0.00000000e+00   4.13463881e+00
  -7.46576888e-01  -3.03239217e-01  -6.13849814e-01  -3.03239217e-01
  -3.08384281e-01  -5.73298638e-01   0.00000000e+00   0.00000000e+00
  -2.59645393e-01   0.00000000e+00  -4.50035160e-01  -4.06994068e-01
  -5.61140707e-01   0.00000000e+00   0.00000000e+00   0.00000000e+00
  -2.92770022e-01  -2.41859095e-01   0.00000000e+00   0.00000000e+00
  -7.27392967e-02   0.00000000e+00   0.00000000e+00   0.00000000e+00
   0.00000000e+00   6.42045343e+00   0.00000000e+00   0.00000000e+00
   0.00000000e+00   0.00000000e+00   0.00000000e+00   0.00000000e+00
   0.00000000e+00   0.00000000e+00   0.00000000e+00   0.00000000e+00
   0.00000000e+00  -1.23753306e+00   5.86230445e+00  -6.65585308e-01
   5.89854366e+00  -7.56192615e-01   8.66953064e+00   0.00000000e+00
   0.00000000e+00   0.00000000e+00   0.00000000e+00  -1.88208245e-01
  -7.27392967e-02  -7.27392967e-02   0.00000000e+00   0.00000000e+00
  -1.88208245e-01   0.00000000e+00   0.00000000e+00   0.00000000e+00
   0.00000000e+00   0.00000000e+00   0.00000000e+00  -1.80578780e-01
  -3.98166530e-01  -3.71112585e-01   0.00000000e+00   0.00000000e+00
   0.00000000e+00  -5.25446158e-01] misclassified as 1
[  0.          -0.63091952  -0.3381856    0.30857096  -0.05136655   0.           0.
   0.68716097   0.          -0.36231876   0.50102813  -0.16167207
   0.46684978   0.           0.07819106  -0.55342116   0.           0.           0.
   0.          -0.18529541   0.           0.93845871   0.          -0.81091744
   0.           0.46549844   0.           1.04303024   0.          -0.58483872
  -0.36966617  -0.08920516   0.           0.5355357    1.01655982
  -0.40024445  -0.40374793   0.34631706  -0.49226888   0.           0.           0.
   0.          -0.0212846   -0.08920516  -0.13699181   0.           0.           0.
   1.11156473  -0.61592142   0.87071487   0.89026068   0.           1.00305712
   0.97322096   0.           0.           4.0113872    4.57400674   0.           0.
   0.           0.           0.           0.           0.           0.
  -0.19557956   0.           0.           0.           0.           0.           0.
   0.          -0.05136655   0.          -0.13699181   0.           0.
  -0.24789618  -0.05136655  -0.28203804  13.74772708  -0.27100983
  -0.27100983   0.          -0.31851103  -0.05136655  -0.18820824
  -0.0727393   -0.28203804   0.          -0.24185909  -0.74657689
  -0.30323922   1.62906297  -0.30323922  -0.30838428   1.7442916    0.           0.
  -0.25964539   0.          -0.45003516   2.45703827  -0.56114071   0.           0.
   0.          -0.29277002  -0.24185909   0.           0.          -0.0727393
   0.           0.           0.           0.           6.42045343   0.           0.
   0.           0.           0.           0.           0.           0.           0.
   0.           0.          -1.23753306   4.7537365   -0.66581252
   5.14686261  -0.75619261  17.40804959   0.           0.           0.           0.
  -0.18820824  -0.0727393   -0.0727393    0.           0.          -0.18820824
   0.           0.           0.           0.           0.           0.
  -0.18057878  -0.39816653  -0.37111259   0.           0.           0.
  -0.52544616] misclassified as 1
[ 0.         -0.63091952 -0.3381856   0.90988872 -0.05136655  0.          0.
  4.16665811  0.         -0.35986466  5.91695578 -0.59158697  0.46684978
  0.          0.9271226   3.22790736  0.          0.          0.          0.
 -0.23131482  0.          1.79848964  0.         -0.39821839  0.
 -0.04626741  0.          1.04303024  0.          0.56972074 -0.36966617
 -0.08920516  0.         -0.42438678  3.48302465  1.57498789  0.94207851
 -0.04146367  0.22720102  0.          0.          0.          0.
  3.07124243 -0.08920516 -0.13699181  0.          0.          0.
  5.21248314  5.60280206  1.5265556   2.38715918  0.          1.14929219
 -0.27618433  0.          0.          0.86714806  0.69820131  0.          0.
  0.          0.          0.          0.          0.          0.
 -0.19557956  0.          0.          0.          0.          0.          0.
  0.         -0.05136655  0.         -0.13699181  0.          0.
 -0.24789618 -0.05136655 -0.28203804 -0.0727393  -0.27100983 -0.27100983
  0.         -0.31851103 -0.05136655 -0.18820824 -0.0727393  -0.28203804
  0.         -0.24185909 -0.74657689 -0.30323922 -0.61384981 -0.30323922
 -0.30838428  1.7442916   0.          0.         -0.25964539  0.
 -0.45003516 -0.40699407 -0.56114071  0.          0.          0.
 -0.29277002 -0.24185909  0.          0.         -0.0727393   0.          0.
  0.          0.         -0.15575224  0.          0.          0.          0.
  0.          0.          0.          0.          0.          0.          0.
 -0.5272465  -0.05845618 -0.19423695 -0.15443336 -0.75619261 -0.06898831
  0.          0.          0.          0.         -0.18820824 -0.0727393
 -0.0727393   0.          0.         -0.18820824  0.          0.          0.
  0.          0.          0.         -0.18057878 -0.39816653 -0.37111259
  0.          0.          0.          2.03441974] misclassified as 1
[ 0.         -0.63091952 -0.3381856   0.90988872 -0.05136655  0.          0.
  5.38209889  0.         -0.56309502  2.58407722 -0.62650044  0.46684978
  0.         -0.3462747  -0.26254973  0.          0.          0.          0.
 -0.2485721   0.          1.79848964  0.         -1.08605015  0.
 -0.12204813  0.          1.04303024  0.          0.3260248  -0.36966617
 -0.08920516  0.          0.21556154  4.33520211 -0.40024445 -0.40374793
 -0.13179078  0.22720102  0.          0.          0.          0.
  2.11969565 -0.08920516 -0.13699181  0.          0.          0.
  4.87073994  4.47212507  0.21487413  0.89026068  0.          2.46540781
 -0.27618433  0.          0.          0.23830023  0.34585536  0.          0.
  0.          0.          0.          0.          0.          0.
 -0.19557956  0.          0.          0.          0.          0.          0.
  0.         -0.05136655  0.         -0.13699181  0.          0.
  4.03394686 -0.05136655 -0.28203804 -0.0727393  -0.27100983 -0.27100983
  0.         -0.31851103 -0.05136655 -0.18820824 -0.0727393   3.54562104
  0.          4.13463881 -0.74657689 -0.30323922 -0.61384981 -0.30323922
 -0.30838428 -0.57329864  0.          0.         -0.25964539  0.
 -0.45003516 -0.40699407 -0.56114071  0.          0.          0.
 -0.29277002 -0.24185909  0.          0.         -0.0727393   0.          0.
  0.          0.         -0.15575224  0.          0.          0.          0.
  0.          0.          0.          0.          0.          0.          0.
 -0.73868064 -0.12564212 -0.26330897 -0.15443336  0.22453501 -0.06898831
  0.          0.          0.          0.         -0.18820824 -0.0727393
 -0.0727393   0.          0.         -0.18820824  0.          0.          0.
  0.          0.          0.         -0.18057878 -0.39816653 -0.37111259
  0.          0.          0.          4.59428564] misclassified as 1
[ 0.          0.30927427 -0.3381856  -0.29274681 -0.05136655  0.          0.
  0.41706301  0.          0.74463483  2.58407722  0.51742917  0.46684978
  0.         -0.3462747  -0.55342116  0.          0.          0.          0.
  0.50179997  0.         -0.12769533  0.         -1.01726697  0.
  1.77640637  0.          1.04303024  0.          0.96522727 -0.36966617
 -0.08920516  0.          0.21556154  0.60779178 -0.40024445 -0.40374793
  2.72997177 -0.49226888  0.          0.          0.          0.
 -0.25917129 -0.08920516 -0.13699181  0.          0.          0.
  0.76982153  1.64543258 -0.4409666  -0.60663781  0.          0.34499931
 -0.27618433  0.          0.         -0.70497151 -0.71118248  0.          0.
  0.          0.          0.          0.          0.          0.
 -0.19557956  0.          0.          0.          0.          0.          0.
  0.         -0.05136655  0.         -0.13699181  0.          0.
 -0.24789618 -0.05136655 -0.28203804 -0.0727393   3.68990306 -0.27100983
  0.         -0.31851103 -0.05136655 -0.18820824 -0.0727393   3.54562104
  0.         -0.24185909  1.33944677 -0.30323922 -0.61384981 -0.30323922
 -0.30838428 -0.57329864  0.          0.         -0.25964539  0.
 -0.45003516 -0.40699407 -0.56114071  0.          0.          0.
 -0.29277002 -0.24185909  0.          0.         -0.0727393   0.          0.
  0.          0.         -0.15575224  0.          0.          0.          0.
  0.          0.          0.          0.          0.          0.          0.
  1.58544307 -0.17603157  2.08479883 -0.15443336 -0.75619261 -0.06898831
  0.          0.          0.          0.         -0.18820824 -0.0727393
 -0.0727393   0.          0.         -0.18820824  0.          0.          0.
  0.          0.          0.         -0.18057878 -0.39816653 -0.37111259
  0.          0.          0.         -0.52544616] misclassified as 1
[  0.00000000e+00  -6.30919520e-01  -3.38185602e-01   1.59428328e+01
  -5.13665497e-02   0.00000000e+00   0.00000000e+00   2.57784663e+00
   0.00000000e+00   1.05369836e+00   3.62560177e+00   1.17635698e-01
   4.66849781e-01   0.00000000e+00   7.81910624e-02   9.00935966e-01
   0.00000000e+00   0.00000000e+00   0.00000000e+00   0.00000000e+00
  -5.17018671e-01   0.00000000e+00   3.98273999e-01   0.00000000e+00
  -5.35784739e-01   0.00000000e+00   7.97654167e-01   0.00000000e+00
  -9.58744971e-01   0.00000000e+00  -3.37147763e-01   2.51896415e-01
  -8.92051550e-02   0.00000000e+00   5.65512230e+00   1.14020395e+01
  -4.00244447e-01   4.97955783e+00   7.88987573e-01   3.82455052e+00
   0.00000000e+00   0.00000000e+00   0.00000000e+00   0.00000000e+00
   1.52034638e+01  -8.92051550e-02  -1.36991810e-01   0.00000000e+00
   0.00000000e+00   0.00000000e+00   4.87073994e+00   5.03746356e+00
  -4.40966597e-01  -6.06637812e-01   0.00000000e+00   4.87828644e+00
  -2.76184327e-01   0.00000000e+00   0.00000000e+00  -7.61236845e-02
  -6.49058325e-03   0.00000000e+00   0.00000000e+00   0.00000000e+00
   0.00000000e+00   0.00000000e+00   0.00000000e+00   0.00000000e+00
   0.00000000e+00  -1.95579565e-01   0.00000000e+00   0.00000000e+00
   0.00000000e+00   0.00000000e+00   0.00000000e+00   0.00000000e+00
   0.00000000e+00   1.94679223e+01   0.00000000e+00  -1.36991810e-01
   0.00000000e+00   0.00000000e+00   4.03394686e+00  -5.13665497e-02
   3.54562104e+00   1.37477271e+01   3.68990306e+00   3.68990306e+00
   0.00000000e+00   3.13960871e+00  -5.13665497e-02  -1.88208245e-01
   1.37477271e+01   3.54562104e+00   0.00000000e+00   4.13463881e+00
   1.33944677e+00   3.29772649e+00   1.62906297e+00   3.29772649e+00
   3.24270744e+00   1.74429160e+00   0.00000000e+00   0.00000000e+00
   3.85140667e+00   0.00000000e+00   2.22204860e+00   2.45703827e+00
   1.78208422e+00   0.00000000e+00   0.00000000e+00   0.00000000e+00
  -2.92770022e-01  -2.41859095e-01   0.00000000e+00   0.00000000e+00
  -7.27392967e-02   0.00000000e+00   0.00000000e+00   0.00000000e+00
   0.00000000e+00  -1.55752239e-01   0.00000000e+00   0.00000000e+00
   0.00000000e+00   0.00000000e+00   0.00000000e+00   0.00000000e+00
   0.00000000e+00   0.00000000e+00   0.00000000e+00   0.00000000e+00
   0.00000000e+00   2.34246770e-01   4.23227197e-02   9.44542507e-01
  -1.54433360e-01   1.20526263e+00  -6.89883075e-02   0.00000000e+00
   0.00000000e+00   0.00000000e+00   0.00000000e+00  -1.88208245e-01
  -7.27392967e-02  -7.27392967e-02   0.00000000e+00   0.00000000e+00
  -1.88208245e-01   0.00000000e+00   0.00000000e+00   0.00000000e+00
   0.00000000e+00   0.00000000e+00   0.00000000e+00  -1.80578780e-01
  -3.98166530e-01  -3.71112585e-01   0.00000000e+00   0.00000000e+00
   0.00000000e+00  -5.25446158e-01] misclassified as 1
[ 0.         -0.63091952 -0.3381856   2.11252425 -0.05136655  0.          0.
  2.26802839  0.          0.82638712  2.37577231  0.34491555  0.46684978
  0.         -0.3462747  -0.55342116  0.          0.          0.          0.
 -0.40708341  0.          1.41467418  0.         -0.26065204  0.
  1.19968561  0.          1.04303024  0.          0.1462491  -0.36966617
 -0.08920516  0.          1.17548403  1.63317603 -0.40024445 -0.40374793
  1.11342091  0.22720102  0.          0.          0.          0.         -0.0212846
 -0.08920516 -0.13699181  0.          0.          0.          2.47853753
  2.77610957 -0.4409666  -0.60663781  0.          0.19876424 -0.27618433
  0.          0.         -0.70497151 -0.71118248  0.          0.          0.
  0.          0.          0.          0.          0.         -0.19557956
  0.          0.          0.          0.          0.          0.          0.
 -0.05136655  0.         -0.13699181  0.          0.         -0.24789618
 -0.05136655 -0.28203804 -0.0727393  -0.27100983 -0.27100983  0.
 -0.31851103 -0.05136655  5.31326352 -0.0727393  -0.28203804  0.
 -0.24185909  1.33944677 -0.30323922  1.62906297 -0.30323922 -0.30838428
  1.7442916   0.          0.         -0.25964539  0.         -0.45003516
  2.45703827  1.78208422  0.          0.          0.         -0.29277002
 -0.24185909  0.          0.         -0.0727393   0.          0.          0.
  0.         -0.15575224  0.          0.          0.          0.          0.
  0.          0.          0.          0.          0.          0.          0.4621992
 -0.13404036  1.15630277 -0.15443336 -0.75619261 -0.06898831  0.          0.
  0.          0.         -0.18820824 -0.0727393  -0.0727393   0.          0.
 -0.18820824  0.          0.          0.          0.          0.          0.
 -0.18057878 -0.39816653 -0.37111259  0.          0.          0.
 -0.52544616] misclassified as 1
[ 0.          0.30927427 -0.3381856  -0.29274681 -0.05136655  0.          0.
 -0.38528678  0.          0.03677965 -0.54049642  0.10462872  0.46684978
  0.         -0.3462747  -0.55342116  0.          0.          0.          0.
 -0.40197014  0.         -0.08504917  0.         -0.60456792  0.
  0.91476981  0.          1.04303024  0.          0.05036873 -0.36966617
 -0.08920516  0.          0.5355357   0.06738656 -0.40024445 -0.40374793
  0.92249917 -0.49226888  0.          0.          0.          0.
 -0.49705799 -0.08920516 -0.13699181  0.          0.          0.
 -0.59715128 -0.61592142  0.5427945   0.89026068  0.          1.73423247
 -0.27618433  0.          0.         -0.70497151 -0.71118248  0.          0.
  0.          0.          0.          0.          0.          0.
 -0.19557956  0.          0.          0.          0.          0.          0.
  0.         -0.05136655  0.         -0.13699181  0.          0.
 -0.24789618 -0.05136655 -0.28203804 -0.0727393  -0.27100983 -0.27100983
  0.         -0.31851103 -0.05136655 -0.18820824 -0.0727393  -0.28203804
  0.         -0.24185909  1.33944677 -0.30323922  1.62906297 -0.30323922
 -0.30838428  1.7442916   0.          0.         -0.25964539  0.
 -0.45003516 -0.40699407  1.78208422  0.          0.          0.
 -0.29277002 -0.24185909  0.          0.         -0.0727393   0.          0.
  0.          0.         -0.15575224  0.          0.          0.          0.
  0.          0.          0.          0.          0.          0.          0.
  0.40438518 -0.17603157  0.72369382 -0.15443336  4.1474455  -0.06898831
  0.          0.          0.          0.         -0.18820824 -0.0727393
 -0.0727393   0.          0.         -0.18820824  0.          0.          0.
  0.          0.          0.         -0.18057878 -0.39816653 -0.37111259
  0.          0.          0.          0.75448679] misclassified as 1
[ 0.         -0.63091952 -0.3381856   0.90988872 -0.05136655  0.          0.
  5.62836467  0.         -0.12273701  3.83390668 -0.13360438  0.46684978
  0.          3.89838297  0.90093597  0.          0.          0.          0.
 -0.62631477  0.          1.79848964  0.         -0.67335109  0.
  0.52356418  0.         -0.95874497  0.         -0.28521256 -0.36966617
 -0.08920516  0.          0.21556154  2.79019745 -0.40024445 -0.40374793
  0.47529538  0.22720102  0.          0.          0.          0.
  3.30912912 -0.08920516 -0.13699181  0.          0.          0.
  6.92119915  6.16814056 -0.4409666  -0.60663781  0.          0.19876424
 -0.27618433  0.          0.          0.55272414  0.69820131  0.          0.
  0.          0.          0.          0.          0.          0.
 -0.19557956  0.          0.          0.          0.          0.          0.
  0.         -0.05136655  0.         -0.13699181  0.          0.
  4.03394686 -0.05136655 -0.28203804 -0.0727393  -0.27100983 -0.27100983
  0.         -0.31851103 -0.05136655 -0.18820824 -0.0727393  -0.28203804
  0.          4.13463881 -0.74657689 -0.30323922 -0.61384981 -0.30323922
 -0.30838428 -0.57329864  0.          0.         -0.25964539  0.
 -0.45003516  2.45703827 -0.56114071  0.          0.          0.
 -0.29277002 -0.24185909  0.          0.         -0.0727393   0.          0.
  0.          0.         -0.15575224  0.          0.          0.          0.
  0.          0.          0.          0.          0.          0.          0.
 -0.09611907 -0.0416597   0.43411393 -0.15443336 -0.75619261 -0.06898831
  0.          0.          0.          0.         -0.18820824 -0.0727393
 -0.0727393   0.          0.         -0.18820824  0.          0.          0.
  0.          0.          0.         -0.18057878 -0.39816653 -0.37111259
  0.          0.          0.         -0.52544616] misclassified as 1
[ 0.         -0.63091952 -0.3381856  -0.29274681 -0.05136655  0.          0.
  3.65029438  0.         -0.15939517  1.33424777 -0.17947109  0.46684978
  0.         -0.3462747   0.31919312  0.          0.          0.          0.
 -0.49784392  0.          0.83184331  0.         -0.67335109  0.
  0.45959345  0.          1.04303024  0.         -0.16136708 -0.36966617
 -0.08920516  0.         -0.74436095  1.71631529  3.55022023  2.28790495
  0.5603957   3.10508062  0.          0.          0.          0.
  1.40603557 -0.08920516 -0.13699181  0.          0.          0.
  3.50376714  2.21077107 -0.4409666  -0.60663781  0.         -0.38617603
 -0.27618433  0.          0.          2.12484371  1.05054726  0.          0.
  0.          0.          0.          0.          0.          0.
 -0.19557956  0.          0.          0.          0.          0.          0.
  0.         -0.05136655  0.         -0.13699181  0.          0.
 -0.24789618 -0.05136655 -0.28203804 -0.0727393  -0.27100983 -0.27100983
  0.         -0.31851103 -0.05136655 -0.18820824 -0.0727393  -0.28203804
  0.         -0.24185909 -0.74657689 -0.30323922 -0.61384981 -0.30323922
 -0.30838428 -0.57329864  0.          0.         -0.25964539  0.
 -0.45003516 -0.40699407 -0.56114071  0.          0.          0.
 -0.29277002 -0.24185909  0.          0.         -0.0727393   0.          0.
  0.          0.         -0.15575224  0.          0.          0.          0.
  0.          0.          0.          0.          0.          0.          0.
  0.09714495 -0.11724388  0.44910982 -0.15443336 -0.75619261 -0.06898831
  0.          0.          0.          0.         -0.18820824 -0.0727393
 -0.0727393   0.          0.         -0.18820824  0.          0.          0.
  0.          0.          0.         -0.18057878 -0.39816653 -0.37111259
  0.          0.          0.         -0.52544616] misclassified as 1
[  0.          -0.63091952  -0.3381856   -0.29274681  -0.05136655   0.           0.
  -0.35351055   0.           0.43925246   2.58407722   0.68241244
   0.46684978   0.          -0.3462747    0.02832169   0.           0.           0.
   0.          -0.13096694   0.          -0.08504917   0.           0.01448067
   0.           1.74245267   0.           1.04303024   0.           0.57371576
  -0.36966617  -0.08920516   0.          -0.74436095   0.06738656
  -0.40024445  -0.40374793   1.64185144  -0.49226888   0.           0.           0.
   0.           0.45448879  -0.08920516  -0.13699181   0.           0.           0.
  -0.25540808  -0.61592142  -0.4409666   -0.60663781   0.          -0.67864617
  -0.27618433   0.           0.          -0.3905476   -0.35883653   0.           0.
   0.           0.           0.           0.           0.           0.
   5.11300862   0.           0.           0.           0.           0.           0.
   0.          -0.05136655   0.          -0.13699181   0.           0.
  -0.24789618  -0.05136655  -0.28203804  -0.0727393   -0.27100983
  -0.27100983   0.          -0.31851103  -0.05136655  -0.18820824
  -0.0727393   -0.28203804   0.          -0.24185909  -0.74657689
  -0.30323922  -0.61384981  -0.30323922  -0.30838428  -0.57329864   0.           0.
  -0.25964539   0.          -0.45003516  -0.40699407  -0.56114071   0.           0.
   0.          -0.29277002  -0.24185909   0.           0.          -0.0727393
   0.           0.           0.           0.          -0.15575224   0.           0.
   0.           0.           0.           0.           0.           0.           0.
   0.           0.           1.17413759  -0.12564212   1.39919089
  -0.15443336  -0.75619261  -0.06898831   0.           0.           0.           0.
   5.31326352  13.74772708  13.74772708   0.           0.          -0.18820824
   0.           0.           0.           0.           0.           0.
  -0.18057878  -0.39816653  -0.37111259   0.           0.           0.
  -0.52544616] misclassified as 1
[ 0.         -0.63091952 -0.3381856   0.90988872 -0.05136655  0.          0.
  1.1479163   0.          1.70204156  3.00068704  0.83438872  0.46684978
  0.         -0.3462747   2.06442166  0.          0.          0.          0.
 -0.19488279  0.          0.19215088  0.          0.2208302   0.
  1.90582408  0.          1.04303024  0.          0.52178055 -0.36966617
 -0.08920516  0.         -0.10441262  1.61239121 -0.40024445 -0.40374793
  1.75501406  0.94667092  0.          0.          0.          0.
  0.45448879 -0.08920516 -0.13699181  0.          0.          0.
  0.42807833  1.08009408  0.87071487 -0.60663781  0.          5.24387411
  8.4696527   0.          0.          4.95465894  4.92635269  0.          0.
  0.          0.          0.          0.          0.          0.
 -0.19557956  0.          0.          0.          0.          0.          0.
  0.         -0.05136655  0.         -0.13699181  0.          0.
 -0.24789618 -0.05136655 -0.28203804 -0.0727393  -0.27100983 -0.27100983
  0.         -0.31851103 -0.05136655 -0.18820824 -0.0727393   3.54562104
  0.         -0.24185909 -0.74657689 -0.30323922 -0.61384981 -0.30323922
  3.24270744 -0.57329864  0.          0.         -0.25964539  0.
 -0.45003516 -0.40699407 -0.56114071  0.          0.          0.
 -0.29277002 -0.24185909  0.          0.         -0.0727393   0.          0.
  0.          0.         -0.15575224  0.          0.          0.          0.
  0.          0.          0.          0.          0.          0.          0.
  1.0783315  -0.05845618  1.88758004 -0.15443336  1.20526263 -0.06898831
  0.          0.          0.          0.         -0.18820824 -0.0727393
 -0.0727393   0.          0.         -0.18820824  0.          0.          0.
  0.          0.          0.         -0.18057878 -0.39816653 -0.37111259
  0.          0.          0.          2.03441974] misclassified as 1
[ 0.         -0.63091952 -0.3381856  -0.29274681 -0.05136655  0.          0.
  2.37130114  0.         -0.48947195  1.33424777 -0.51696798  0.46684978
  0.         -0.3462747  -0.55342116  0.          0.          0.          0.
 -0.94908981  0.          0.94556641  0.         -1.36118285  0.
 -0.06250614  0.         -0.95874497  0.         -0.55687361 -0.36966617
 -0.08920516  0.         -0.74436095  0.43458498 -0.40024445 -0.40374793
  0.11090836  1.66614082  0.          0.          0.          0.
 -0.25917129 -0.08920516 -0.13699181  0.          0.          0.
  0.08633512 -0.05058292 -0.4409666  -0.60663781  0.         -0.5324111
 -0.27618433  0.          0.          4.0113872   4.22166079  0.          0.
  0.          0.          0.          0.          0.          0.
  5.11300862  0.          0.          0.          0.          0.          0.
  0.         -0.05136655  0.         -0.13699181  0.          0.
 -0.24789618 -0.05136655 -0.28203804 -0.0727393  -0.27100983 -0.27100983
  0.         -0.31851103 -0.05136655 -0.18820824 -0.0727393  -0.28203804
  0.         -0.24185909 -0.74657689 -0.30323922 -0.61384981 -0.30323922
 -0.30838428 -0.57329864  0.          0.         -0.25964539  0.
 -0.45003516 -0.40699407 -0.56114071  0.          0.          0.
 -0.29277002 -0.24185909  0.          0.         -0.0727393   0.          0.
  0.          0.         -0.15575224  0.          0.          0.          0.
  0.          0.          0.          0.          0.          0.          0.
 -0.47438796 -0.11724388  0.07091781 -0.15443336 -0.75619261 -0.06898831
  0.          0.          0.          0.         -0.18820824 -0.0727393
 -0.0727393   0.          0.          5.31326352  0.          0.          0.
  0.          0.          0.         -0.18057878  2.51151196  2.69460008
  0.          0.          0.         -0.52544616] misclassified as 1
[  0.          -0.63091952  -0.3381856   -0.29274681  -0.05136655   0.           0.
   0.52033576   0.           0.75598506   1.54255268   0.52359037
   0.46684978   0.           0.50265683   0.31919312   0.           0.           0.
   0.           0.51202651   0.           0.91713563   0.          -1.01726697
   0.           1.79264509   0.          -0.95874497   0.           0.98120733
  -0.36966617  -0.08920516   0.          -0.42438678   0.13666928
  -0.40024445   0.94207851   2.75860919  -0.49226888   0.           0.           0.
   0.           1.64392226  -0.08920516  -0.13699181   0.           0.           0.
  -0.25540808  -0.05058292  -0.4409666   -0.60663781   0.          -0.45929356
  -0.27618433   0.           0.           0.55272414   0.69820131   0.           0.
   0.           0.           0.           0.           0.           0.
   5.11300862   0.           0.           0.           0.           0.           0.
   0.          -0.05136655   0.          -0.13699181   0.           0.
  -0.24789618  -0.05136655  -0.28203804  -0.0727393    3.68990306
  -0.27100983   0.          -0.31851103  -0.05136655  -0.18820824
  -0.0727393   -0.28203804   0.          -0.24185909  -0.74657689
  -0.30323922  -0.61384981  -0.30323922  -0.30838428  -0.57329864   0.           0.
  -0.25964539   0.          -0.45003516  -0.40699407  -0.56114071   0.           0.
   0.          -0.29277002  -0.24185909   0.           0.          -0.0727393
   0.           0.           0.           0.          -0.15575224   0.           0.
   0.           0.           0.           0.           0.           0.           0.
   0.           0.           1.60526502  -0.15923509   2.10286207
  -0.15443336  -0.75619261  -0.06898831   0.           0.           0.           0.
   5.31326352  13.74772708  13.74772708   0.           0.          -0.18820824
   0.           0.           0.           0.           0.           0.
  -0.18057878  -0.39816653  -0.37111259   0.           0.           0.
  -0.52544616] misclassified as 1
[  0.           0.30927427  -0.3381856    0.30857096  -0.05136655   0.           0.
   0.84604211   0.           1.10707509   4.45882141   0.15802579
   0.46684978   0.           0.07819106   1.19180739   0.           0.           0.
   0.          -0.50167887   0.           2.37421282   0.          -0.46700156
   0.           0.88180028   0.           1.04303024   0.          -0.30518764
   0.25189641  -0.08920516   0.          -0.42438678   0.57315042
  -0.40024445   2.28790495   0.8592871    0.94667092   0.           0.           0.
   0.           1.40603557  -0.08920516  -0.13699181   0.           0.           0.
   0.42807833   1.08009408  -0.4409666   -0.60663781   0.           0.49123438
  -0.27618433   0.           0.          -0.3905476   -0.35883653   0.           0.
   0.           0.           0.           0.           0.           0.
  -0.19557956   0.           0.           0.           0.           0.           0.
   0.          -0.05136655   0.          -0.13699181   0.           0.
  -0.24789618  -0.05136655  -0.28203804  -0.0727393   -0.27100983
  -0.27100983   0.          -0.31851103  19.46792233  -0.18820824
  -0.0727393   -0.28203804   0.          -0.24185909  -0.74657689
  -0.30323922  -0.61384981  -0.30323922  -0.30838428  -0.57329864   0.           0.
  -0.25964539   0.          -0.45003516  -0.40699407  -0.56114071   0.           0.
   0.          -0.29277002  -0.24185909   0.           0.          -0.0727393
   0.           0.           0.           0.          -0.15575224   0.           0.
   0.           0.           0.           0.           0.           0.           0.
   0.           0.           0.29701628  -0.15083685   0.99532407
  -0.15443336   0.22453501  -0.06898831   0.           0.           0.           0.
  -0.18820824  -0.0727393   -0.0727393    0.           0.          -0.18820824
   0.           0.           0.           0.           0.           0.
  -0.18057878  -0.39816653  -0.37111259   0.           0.           0.
  -0.52544616] misclassified as 1
[ 0.         -0.63091952 -0.3381856  -0.29274681 -0.05136655  0.          0.
 -0.4011749   0.         -0.04006443 -0.74880133  0.01905649  0.46684978
  0.         -0.3462747  -0.26254973  0.          0.          0.          0.
 -0.43456722  0.         -0.27695689  0.         -0.60456792  0.
  0.75631923  0.         -0.95874497  0.          0.00642356  0.25189641
 -0.08920516  0.         -0.42438678 -0.26517049 -0.40024445 -0.40374793
  0.77024554  0.94667092  0.          0.          0.          0.
 -0.49705799 -0.08920516 -0.13699181  0.          0.          0.
 -0.59715128 -0.61592142 -0.4409666  -0.60663781  0.          0.49123438
 -0.27618433  0.          0.         -0.07612368  0.69820131  0.          0.
  0.          0.          0.          0.          0.          0.
  5.11300862  0.          0.          0.          0.          0.          0.
  0.         -0.05136655  0.         -0.13699181  0.          0.
 -0.24789618 -0.05136655 -0.28203804 -0.0727393  -0.27100983 -0.27100983
  0.         -0.31851103 -0.05136655 -0.18820824 -0.0727393  -0.28203804
  0.          4.13463881 -0.74657689 -0.30323922 -0.61384981 -0.30323922
 -0.30838428 -0.57329864  0.          0.         -0.25964539  0.
 -0.45003516 -0.40699407 -0.56114071  0.          0.          0.
 -0.29277002 -0.24185909  0.          0.         -0.0727393   0.          0.
  0.          0.         -0.15575224  0.          0.          0.          0.
  0.          0.          0.          0.          0.          0.          0.
  0.28545348 -0.15923509  0.6224715  -0.15443336 -0.75619261 -0.06898831
  0.          0.          0.          0.          5.31326352 -0.0727393
 -0.0727393   0.          0.         -0.18820824  0.          0.          0.
  0.          0.          0.         -0.18057878 -0.39816653 -0.37111259
  0.          0.          0.         -0.52544616] misclassified as 1
[  0.          -1.57111332  -0.3381856    1.51120648  -0.05136655   0.           0.
   3.7217909    0.          -0.79316713   1.54255268  -0.91607688
   0.46684978   0.           0.9271226    0.02832169   0.           0.           0.
   0.          -1.08586973   0.          -0.27695689   0.          -1.36118285
   0.          -0.61216235   0.           1.04303024   0.          -0.74064432
  -0.36966617  -0.08920516   0.           0.5355357    3.41374193
  -0.40024445  -0.40374793  -0.53756927   2.38561072   0.           0.           0.
   0.           3.78490251  -0.08920516  -0.13699181   0.           0.           0.
   3.84551034   3.34144807  14.31544986   2.38715918   0.           3.70840589
   3.47203154   0.           0.           3.38253937   2.812277     0.           0.
   0.           0.           0.           0.           0.           0.
  -0.19557956   0.           0.           0.           0.           0.           0.
   0.          -0.05136655   0.          -0.13699181   0.           0.
   4.03394686  -0.05136655  -0.28203804  -0.0727393   -0.27100983
  -0.27100983   0.          -0.31851103  -0.05136655  -0.18820824
  -0.0727393   -0.28203804   0.          -0.24185909   1.33944677
  -0.30323922   1.62906297  -0.30323922  -0.30838428   1.7442916    0.           0.
  -0.25964539   0.          -0.45003516  -0.40699407  -0.56114071   0.           0.
   0.          -0.29277002  -0.24185909   0.           0.          -0.0727393
   0.           0.           0.           0.          -0.15575224   0.           0.
   0.           0.           0.           0.           0.           0.           0.
   0.           0.          -1.10043124   0.12630514  -0.54629975
  -0.15443336   2.18599026  -0.06898831   0.           0.           0.           0.
  -0.18820824  -0.0727393   -0.0727393    0.           0.          -0.18820824
   0.           0.           0.           0.           0.           0.
  -0.18057878  -0.39816653  -0.37111259   0.           0.           0.
   2.03441974] misclassified as 1
[ 0.          0.30927427 -0.3381856  -0.29274681 -0.05136655  0.          0.
 -0.41706301  0.          0.36900377 -0.33219151  0.08819885  0.46684978
  0.          2.2005199  -0.55342116  0.          0.          0.          0.
  0.1502628   0.         -0.44754154  0.         -1.15483332  0.
  1.14063571  0.         -0.95874497  0.          0.52577557 -0.36966617
 -0.08920516  0.         -0.74436095 -0.27209877  5.52545256  4.97955783
  2.00199275  3.10508062  0.          0.          0.          0.
 -0.25917129 -0.08920516 -0.13699181  0.          0.          0.
  0.08633512  1.08009408 -0.4409666  -0.60663781  0.         -0.67864617
 -0.27618433  0.          0.         -0.70497151 -0.71118248  0.          0.
  0.          0.          0.          0.          0.          0.
 -0.19557956  0.          0.          0.          0.          0.          0.
  0.         -0.05136655  0.         -0.13699181  0.          0.
 -0.24789618 -0.05136655 -0.28203804 -0.0727393  -0.27100983 -0.27100983
  0.         -0.31851103 -0.05136655 -0.18820824 -0.0727393  -0.28203804
  0.         -0.24185909 -0.74657689 -0.30323922 -0.61384981 -0.30323922
 -0.30838428 -0.57329864  0.          0.         -0.25964539  0.
 -0.45003516 -0.40699407 -0.56114071  0.          0.          0.
 -0.29277002 -0.24185909  0.          0.         -0.0727393   0.          0.
  0.          0.         -0.15575224  0.          0.          0.          0.
  0.          0.          0.          0.          0.          0.          0.
  0.93957785 -0.16763333  1.43202282 -0.15443336 -0.75619261 -0.06898831
  0.          0.          0.          0.         -0.18820824 -0.0727393
 -0.0727393   0.          0.         -0.18820824  0.          0.          0.
  0.          0.          0.         -0.18057878 -0.39816653 -0.37111259
  0.          0.          0.         -0.52544616] misclassified as 1
[  0.          -0.63091952  -0.3381856   -0.29274681  19.46792233   0.           0.
  -0.57594416   0.          -0.37060136  -0.74880133  -0.169887
   0.46684978   0.          -0.3462747   -0.55342116   0.           0.           0.
   0.          -0.63014972   0.          -1.07301857   0.          -0.81091744
   0.           0.45762512   0.           1.04303024   0.          -0.59282875
  -0.36966617  -0.08920516   0.          -0.74436095  -0.63236891
  -0.40024445  -0.40374793   0.33900969  -0.49226888   0.           0.           0.
   0.           0.2166021   -0.08920516  -0.13699181   0.           0.           0.
  -0.59715128  -0.61592142  -0.4409666   -0.60663781   0.          -0.82488124
  -0.27618433   0.           0.          -0.70497151  -0.71118248   0.           0.
   0.           0.           0.           0.           0.           0.
  -0.19557956   0.           0.           0.           0.           0.           0.
   0.          -0.05136655   0.          -0.13699181   0.           0.
  -0.24789618  -0.05136655  -0.28203804  -0.0727393   -0.27100983
  -0.27100983   0.          -0.31851103  -0.05136655  -0.18820824
  -0.0727393   -0.28203804   0.          -0.24185909  -0.74657689
  -0.30323922  -0.61384981  -0.30323922  -0.30838428  -0.57329864   0.           0.
  -0.25964539   0.          -0.45003516  -0.40699407  -0.56114071   0.           0.
   0.          -0.29277002  -0.24185909   0.           0.          -0.0727393
   0.           0.           0.           0.           6.42045343   0.           0.
   0.           0.           0.           0.           0.           0.           0.
   0.           0.          -1.23753306   4.73694001  -0.66626694
   5.11115935  -0.75619261  -0.06898831   0.           0.           0.           0.
  -0.18820824  -0.0727393   -0.0727393    0.           0.          -0.18820824
   0.           0.           0.           0.           0.           0.
  -0.18057878  -0.39816653  -0.37111259   0.           0.           0.
  -0.52544616] misclassified as 1
[ 0.         -0.63091952 -0.3381856   0.90988872 -0.05136655  0.          0.
  2.2283081   0.         -0.9121911   2.37577231 -0.96742022  0.46684978
  0.          6.0207118  -0.55342116  0.          0.          0.          0.
 -1.16512538  0.          0.34141245  0.         -1.36118285  0.
 -0.74551672  0.          1.04303024  0.         -1.04027048 -0.36966617
 -0.08920516  0.         -0.74436095  2.24286397 -0.40024445 -0.40374793
 -0.68645677 -0.49226888  0.          0.          0.          0.
  2.11969565 -0.08920516 -0.13699181  0.          0.          0.
  1.45330793  1.64543258 -0.4409666  -0.60663781  0.         -0.09370589
 -0.27618433  0.          0.          0.23830023  0.34585536  0.          0.
  0.          0.          0.          0.          0.          0.
 -0.19557956  0.          0.          0.          0.          0.          0.
  0.         -0.05136655  0.         -0.13699181  0.          0.
 -0.24789618 -0.05136655 -0.28203804 -0.0727393  -0.27100983 -0.27100983
  0.         -0.31851103 -0.05136655 -0.18820824 -0.0727393  -0.28203804
  0.         -0.24185909 -0.74657689 -0.30323922 -0.61384981 -0.30323922
 -0.30838428 -0.57329864  0.          0.         -0.25964539  0.
 -0.45003516 -0.40699407 -0.56114071  0.          0.          0.
 -0.29277002 -0.24185909  0.          0.         -0.0727393   0.          0.
  0.          0.         -0.15575224  0.          0.          0.          0.
  0.          0.          0.          0.          0.          0.          0.
 -1.22762208 -0.15083685 -0.65013499 -0.15443336 -0.75619261 -0.06898831
  0.          0.          0.          0.         -0.18820824 -0.0727393
 -0.0727393   0.          0.         -0.18820824  0.          0.          0.
  0.          0.          0.         -0.18057878 -0.39816653 -0.37111259
  0.          0.          0.         -0.52544616] misclassified as 1
[  0.00000000e+00  -6.30919520e-01  -3.38185602e-01  -2.92746806e-01
  -5.13665497e-02   0.00000000e+00   0.00000000e+00   9.41370803e-01
   0.00000000e+00  -1.51726096e-01  -3.32191514e-01   5.32853791e-02
   4.66849781e-01   0.00000000e+00  -3.46274705e-01   9.00935966e-01
   0.00000000e+00   0.00000000e+00   0.00000000e+00   0.00000000e+00
   7.10071448e-02   0.00000000e+00   1.16142145e+01   0.00000000e+00
  -1.91868859e-01   0.00000000e+00   8.51783248e-01   0.00000000e+00
   1.04303024e+00   0.00000000e+00  -3.01192624e-01   2.51896415e-01
  -8.92051550e-02   0.00000000e+00  -4.24386783e-01   1.78238913e-01
  -4.00244447e-01  -4.03747932e-01   6.12782041e-01  -4.92268879e-01
   0.00000000e+00   0.00000000e+00   0.00000000e+00   0.00000000e+00
  -4.97057988e-01  -8.92051550e-02  -1.36991810e-01   0.00000000e+00
   0.00000000e+00   0.00000000e+00   8.63351245e-02  -6.15921416e-01
  -4.40966597e-01  -6.06637812e-01   0.00000000e+00  -6.05528633e-01
  -2.76184327e-01   0.00000000e+00   0.00000000e+00   5.52724144e-01
  -6.49058325e-03   0.00000000e+00   0.00000000e+00   0.00000000e+00
   0.00000000e+00   0.00000000e+00   0.00000000e+00   0.00000000e+00
   0.00000000e+00  -1.95579565e-01   0.00000000e+00   0.00000000e+00
   0.00000000e+00   0.00000000e+00   0.00000000e+00   0.00000000e+00
   0.00000000e+00  -5.13665497e-02   0.00000000e+00  -1.36991810e-01
   0.00000000e+00   0.00000000e+00  -2.47896176e-01  -5.13665497e-02
  -2.82038037e-01  -7.27392967e-02  -2.71009829e-01  -2.71009829e-01
   0.00000000e+00  -3.18511029e-01  -5.13665497e-02  -1.88208245e-01
  -7.27392967e-02  -2.82038037e-01   0.00000000e+00  -2.41859095e-01
  -7.46576888e-01  -3.03239217e-01  -6.13849814e-01  -3.03239217e-01
  -3.08384281e-01  -5.73298638e-01   0.00000000e+00   0.00000000e+00
  -2.59645393e-01   0.00000000e+00  -4.50035160e-01   2.45703827e+00
  -5.61140707e-01   0.00000000e+00   0.00000000e+00   0.00000000e+00
  -2.92770022e-01  -2.41859095e-01   0.00000000e+00   0.00000000e+00
  -7.27392967e-02   0.00000000e+00   0.00000000e+00   0.00000000e+00
   0.00000000e+00   6.42045343e+00   0.00000000e+00   0.00000000e+00
   0.00000000e+00   0.00000000e+00   0.00000000e+00   0.00000000e+00
   0.00000000e+00   0.00000000e+00   0.00000000e+00   0.00000000e+00
   0.00000000e+00  -1.23753306e+00   6.34940248e+00  -6.66266940e-01
   6.35376018e+00  -7.56192615e-01  -6.89883075e-02   0.00000000e+00
   0.00000000e+00   0.00000000e+00   0.00000000e+00  -1.88208245e-01
  -7.27392967e-02  -7.27392967e-02   0.00000000e+00   0.00000000e+00
  -1.88208245e-01   0.00000000e+00   0.00000000e+00   0.00000000e+00
   0.00000000e+00   0.00000000e+00   0.00000000e+00  -1.80578780e-01
  -3.98166530e-01  -3.71112585e-01   0.00000000e+00   0.00000000e+00
   0.00000000e+00  -5.25446158e-01] misclassified as 1
[ 0.         -0.63091952 -0.3381856   5.72043083 -0.05136655  0.          0.
  2.08531507  0.         -0.83427335  4.2505165  -0.88869376 -2.14201664
  0.          4.7473145   0.90093597  0.          0.          0.          0.
 -1.04688106  0.          0.1779355   0.         -1.36118285  0.
 -0.60379695  0.          1.04303024  0.         -0.88845989 -0.36966617
 -0.08920516  0.          0.21556154  3.33753094  5.52545256  2.28790495
 -0.57464737  3.10508062  0.          0.          0.          0.
  3.54701582 -0.08920516 -0.13699181  0.          0.          0.
  6.23771275  7.29881756 -0.4409666  -0.60663781  0.          6.63310727
 -0.27618433  0.          0.          1.18157197  0.34585536  0.          0.
  0.          0.          0.          0.          0.          0.
 -0.19557956  0.          0.          0.          0.          0.          0.
  0.         -0.05136655  0.         -0.13699181  0.          0.
  4.03394686 -0.05136655 -0.28203804 -0.0727393  -0.27100983  3.68990306
  0.         -0.31851103 -0.05136655 -0.18820824 -0.0727393   3.54562104
  0.         -0.24185909 -0.74657689 -0.30323922 -0.61384981 -0.30323922
 -0.30838428 -0.57329864  0.          0.         -0.25964539  0.
 -0.45003516 -0.40699407 -0.56114071  0.          0.          0.
 -0.29277002 -0.24185909  0.          0.         -0.0727393   0.          0.
  0.          0.         -0.15575224  0.          0.          0.          0.
  0.          0.          0.          0.          0.          0.          0.
 -1.11034221 -0.07525267 -0.56822557 -0.15443336 -0.75619261 -0.06898831
  0.          0.          0.          0.         -0.18820824 -0.0727393
 -0.0727393   0.          0.         -0.18820824  0.          0.          0.
  0.          0.          0.         -0.18057878 -0.39816653 -0.37111259
  0.          0.          0.         -0.52544616] misclassified as 1
[ 0.          0.30927427 -0.3381856  -0.29274681 -0.05136655  0.          0.
 -0.38528678  0.          0.07604529 -0.54049642  0.17377108  0.46684978
  0.         -0.3462747  -0.55342116  0.          0.          0.          0.
 -0.38535202  0.         -0.08504917  0.         -0.60456792  0.
  1.01712299  0.          1.04303024  0.          0.1462491  -0.36966617
 -0.08920516  0.          0.5355357   0.06738656 -0.40024445 -0.40374793
  1.00842833 -0.49226888  0.          0.          0.          0.
 -0.49705799 -0.08920516 -0.13699181  0.          0.          0.
 -0.59715128 -0.61592142  1.5265556   2.38715918  0.          1.73423247
 -0.27618433  0.          0.         -0.70497151 -0.71118248  0.          0.
  0.          0.          0.          0.          0.          0.
 -0.19557956  0.          0.          0.          0.          0.          0.
  0.         -0.05136655  0.         -0.13699181  0.          0.
 -0.24789618 -0.05136655 -0.28203804 -0.0727393  -0.27100983 -0.27100983
  0.         -0.31851103 -0.05136655 -0.18820824 -0.0727393  -0.28203804
  0.         -0.24185909  1.33944677 -0.30323922  1.62906297 -0.30323922
 -0.30838428  1.7442916   0.          0.         -0.25964539  0.
 -0.45003516 -0.40699407  1.78208422  0.          0.          0.
 -0.29277002 -0.24185909  0.          0.         -0.0727393   0.          0.
  0.          0.         -0.15575224  0.          0.          0.          0.
  0.          0.          0.          0.          0.          0.          0.
  0.47871749 -0.17603157  0.79162978 -0.15443336  4.1474455  -0.06898831
  0.          0.          0.          0.         -0.18820824 -0.0727393
 -0.0727393   0.          0.         -0.18820824  0.          0.          0.
  0.          0.          0.         -0.18057878 -0.39816653 -0.37111259
  0.          0.          0.          2.03441974] misclassified as 1
[ 0.         -0.63091952 -0.3381856   0.30857096 -0.05136655  0.          0.
  4.70685401  0.          1.2810096   3.41729686  0.29973341  0.46684978
  0.          0.07819106 -0.26254973  0.          0.          0.          0.
 -0.27925171  0.          0.67547405  0.         -0.39821839  0.
  1.08749079  0.          1.04303024  0.         -0.23727238 -0.36966617
 -0.08920516  0.         -0.42438678  1.52925195 -0.40024445 -0.40374793
  1.01566803  0.94667092  0.          0.          0.          0.
  3.07124243 -0.08920516 -0.13699181  0.          0.          0.
  2.13679433  2.77610957 -0.4409666  -0.60663781  0.         -0.02058836
 -0.27618433  0.          0.          4.32581111  2.45993105  0.          0.
  0.          0.          0.          0.          0.          0.
 -0.19557956  0.          0.          0.          0.          0.          0.
  0.         -0.05136655  0.         -0.13699181  0.          0.
 -0.24789618 -0.05136655 -0.28203804 -0.0727393  -0.27100983 -0.27100983
  0.         -0.31851103 -0.05136655 -0.18820824 -0.0727393  -0.28203804
  0.         -0.24185909 -0.74657689 -0.30323922 -0.61384981 -0.30323922
 -0.30838428 -0.57329864  0.          0.         -0.25964539  0.
 -0.45003516  2.45703827 -0.56114071  0.          0.          0.
 -0.29277002 -0.24185909  0.          0.         -0.0727393   0.          0.
  0.          0.         -0.15575224  0.          0.          0.          0.
  0.          0.          0.          0.          0.          0.          0.
  0.42420713 -0.1424386   1.14062524 -0.15443336 -0.75619261 -0.06898831
  0.          0.          0.          0.         -0.18820824 -0.0727393
 -0.0727393   0.          0.         -0.18820824  0.          0.          0.
  0.          0.          0.         -0.18057878 -0.39816653 -0.37111259
  0.          0.          0.         -0.52544616] misclassified as 1
