[ 0.          0.27804663 -0.34299717  0.72710079  0.          0.          0.
 -0.06250889  0.         -0.69721761  2.80631096 -0.72076123  0.45425676
  0.          0.89825004  1.12586152  0.          0.          0.          0.
 -1.11559191  0.         -0.0823994   0.         -1.05890211  0.
 -0.42667244  0.         -0.85741461  0.         -0.80335448  1.64576483
 -0.05136655  0.         -0.45403509  2.21696576  1.82127271  1.15133896
 -0.38345678  0.33830343  0.          0.          0.          0.
  2.19999917 -0.05136655 -0.15575224  0.          0.          0.
  0.59945208  0.5698239  -0.52966451 -0.59228409  0.          2.12846358
 -0.30845609  0.          0.          1.31295685  0.71765865  0.          0.
  0.          0.          0.          0.          0.          0.
 -0.19557956  0.          0.          0.          0.          0.          0.
  0.          0.          0.         -0.10314212  0.         -0.05136655
  4.62092428 -0.0727393  -0.33333333  0.         -0.28743883 -0.28203804
  0.         -0.35250582 -0.05136655 -0.17265659  0.         -0.31851103
  0.         -0.22941573 -0.72533056 -0.29803559 -0.63828474 -0.29803559
 -0.31347392 -0.57735027 -0.05136655  0.         -0.27656329 -0.05136655
 -0.43729003 -0.40699407 -0.55302977  0.          0.          0.
 -0.30323922 -0.25382232  0.          0.         -0.05136655  0.          0.
  0.          0.         -0.25382232  0.          0.          0.          0.
  0.          0.          0.          0.          0.          0.          0.
 -0.77634716 -0.20986016 -0.32707047 -0.25291784  4.23269977  0.          0.
  0.          0.          0.         -0.18057878 -0.0727393  -0.05136655
  0.          0.         -0.22941573  0.          0.          0.
 -0.05136655  0.          0.         -0.21640692 -0.42008403 -0.38924947
  0.          0.          0.         -0.53678263] misclassified as 1
[ 0.          8.76839917 -0.34299717 -0.38700526  0.          0.          0.
 -0.5702266   0.         -0.06333811 -0.71589009  0.26285704  0.45425676
  0.         -0.3429682  -0.54664582  0.          0.          0.          0.
  0.09407702  0.         -0.03220017  0.         -0.20413248  0.
  1.03400376  0.         -0.85741461  0.         -0.1410381  -0.3506937
 -0.05136655  0.         -0.78204524 -0.79402259 -0.36886536 -0.38377965
  0.70886164 -0.46516722  0.          0.          0.          0.
 -0.75406332 -0.05136655 -0.15575224  0.          0.          0.
 -0.67550197 -0.63985812 -0.52966451 -0.59228409  0.         -0.79906966
 -0.30845609  0.          0.         -0.70970641 -0.664903    0.          0.
  0.          0.          0.          0.          0.          0.
 -0.19557956  0.          0.          0.          0.          0.          0.
  0.          0.          0.         -0.10314212  0.         -0.05136655
 -0.21640692 -0.0727393  -0.33333333  0.         -0.28743883 -0.28203804
  0.         -0.35250582 -0.05136655 -0.17265659  0.         -0.31851103
  0.         -0.22941573 -0.72533056 -0.29803559 -0.63828474 -0.29803559
 -0.31347392 -0.57735027 -0.05136655  0.         -0.27656329 -0.05136655
 -0.43729003 -0.40699407 -0.55302977  0.          0.          0.
 -0.30323922 -0.25382232  0.          0.         -0.05136655  0.          0.
  0.          0.          3.93976384  0.          0.          0.          0.
  0.          0.          0.          0.          0.          0.          0.
 -1.17876878  4.23307166 -0.63828022  4.23243935 -0.70718325  0.          0.
  0.          0.          0.         -0.18057878 -0.0727393  -0.05136655
  0.          0.         -0.22941573  0.          0.          0.
 -0.05136655  0.          0.         -0.21640692 -0.42008403 -0.38924947
  0.          0.          0.         -0.53678263] misclassified as 1
[ 0.         -0.66532587 -0.34299717 -0.38700526  0.          0.          0.
 -0.32808431  0.          0.09352879 -0.71589009  0.23449673  0.45425676
  0.         -0.3429682   0.12235712  0.          0.          0.          0.
 -0.40027479  0.          0.51371649  0.         -0.6315173   0.
  0.99316866  0.         -0.85741461  0.          0.23100382  0.64753556
 -0.05136655  0.          1.18601563 -0.02651576 -0.36886536 -0.38377965
  0.97639616 -0.46516722  0.          0.          0.          0.
 -0.75406332 -0.05136655 -0.15575224  0.          0.          0.
 -0.25051729 -0.03501711  4.11508578  3.42678649  0.          0.1540807
  0.89992859  0.          0.         -0.70970641 -0.664903    0.          0.
  0.          0.          0.          0.          0.          0.
 -0.19557956  0.          0.          0.          0.          0.          0.
  0.          0.          0.         -0.10314212  0.         -0.05136655
  4.62092428 -0.0727393  -0.33333333  0.         -0.28743883 -0.28203804
  0.         -0.35250582 -0.05136655 -0.17265659  0.         -0.31851103
  0.         -0.22941573  1.37868175 -0.29803559  1.5666989  -0.29803559
  3.19005809  1.73205081 -0.05136655  0.         -0.27656329 -0.05136655
 -0.43729003 -0.40699407  1.80822093  0.          0.          0.
 -0.30323922 -0.25382232  0.          0.         -0.05136655  0.          0.
  0.          0.         -0.25382232  0.          0.          0.          0.
  0.          0.          0.          0.          0.          0.          0.
  0.56559265 -0.25002226  0.83037699 -0.25291784  0.28079335  0.          0.
  0.          0.          0.         -0.18057878 -0.0727393  -0.05136655
  0.          0.         -0.22941573  0.          0.          0.
 -0.05136655  0.          0.         -0.21640692 -0.42008403 -0.38924947
  0.          0.          0.          4.2626856 ] misclassified as 1
