[ 0.         -0.64907779  0.         -0.2847474   0.          0.          0.
  0.19220402  0.          1.25207768 -0.59564741  1.10227076  0.36342189
  0.         -0.28517935 -0.57104762  0.          0.          0.          0.
  2.03726305  0.         -1.3198899   0.          2.21388264  0.
 -0.50566264  0.          1.46897745  0.          2.32564118 -0.2270383
 -0.18569534  0.          1.92702479 -0.30118485  0.          0.
 -0.61114488 -0.13018891  0.          0.          0.          0.
 -0.58658846 -0.18569534 -0.18569534  0.          0.          0.
 -0.48583281 -0.45581158  4.02056229  1.00425963  0.          2.18421406
 -0.55167728  0.          0.          0.40378643  0.          0.          0.
  0.          0.          0.          0.          0.          0.
 -0.42008403  0.          0.          0.          0.          0.          0.
  0.          0.          0.          0.          0.          0.
 -0.13018891  0.          0.          0.         -0.13018891  0.          0.
  0.          0.          0.          0.         -0.13018891  0.          0.
  1.46897745  0.          1.6583124   0.          1.81265393  1.03390789
  0.          0.         -0.13018891  0.         -0.18569534  0.
  1.46897745  0.          0.          0.          0.         -0.33333333
  0.          0.         -0.13018891  0.          0.          0.          0.
 -0.33333333  0.          0.          0.          0.          0.          0.
  0.          0.          0.          0.          0.          2.11524141
 -0.32745518 -0.36657209 -0.33180551 -0.34992711  0.          0.          0.
  0.          0.         -0.42008403 -0.5        -0.5         0.          0.
  7.68114575  0.          0.          0.          0.          0.          0.
  7.68114575 -0.57735027 -0.52592371  0.          0.          0.
  2.56547238] misclassified as 0
[ 0.          0.14571134  0.         -0.2847474   0.          0.          0.
 -0.65161851  0.          1.3028433  -0.13450103  1.10227076  0.36342189
  0.         -0.28517935  0.61043022  0.          0.          0.          0.
  2.46248767  0.         -0.77267187  0.          2.21388264  0.
 -0.50566264  0.          1.46897745  0.          2.5077927   5.22188101
  5.38516481  0.          1.92702479 -0.35895688  0.          0.
 -0.59792697 -0.13018891  0.          0.          0.          0.
  1.61311827  5.38516481  5.38516481  0.          0.          0.
  0.07474351  0.3485618   0.82893622  1.90359661  0.          0.23402294
  1.81265393  0.          0.         -0.80757285 -0.70128687  0.          0.
  0.          0.          0.          0.          0.          0.
 -0.42008403  0.          0.          0.          0.          0.          0.
  0.          0.          0.          0.          0.          0.
 -0.13018891  0.          0.          0.         -0.13018891  0.          0.
  0.          0.          0.          0.         -0.13018891  0.          0.
  1.46897745  0.          1.6583124   0.         -0.55167728  1.03390789
  0.          0.         -0.13018891  0.          5.38516481  0.
  1.46897745  0.          0.          0.          0.         -0.33333333
  0.          0.         -0.13018891  0.          0.          0.          0.
 -0.33333333  0.          0.          0.          0.          0.          0.
  0.          0.          0.          0.          0.          2.18615486
 -0.33564327 -0.36199775 -0.33180551 -0.34992711  0.          0.          0.
  0.          0.         -0.42008403 -0.5        -0.5         0.          0.
 -0.13018891  0.          0.          0.          0.          0.          0.
 -0.13018891 -0.57735027 -0.52592371  0.          0.          0.          1.7289053 ] misclassified as 0
[ 0.         -0.64907779  0.         -0.2847474   0.          0.          0.
 -0.02156435  0.          1.25207768 -0.59564741  1.10227076  0.36342189
  0.         -0.28517935  4.15486373  0.          0.          0.          0.
  2.04347071  0.         -0.5975621   0.          2.21388264  0.
 -0.50566264  0.          1.46897745  0.          2.32564118 -0.2270383
 -0.18569534  0.         -1.00753073 -0.50916416  0.          0.
 -0.61114488 -0.13018891  0.          0.          0.          0.
 -0.58658846 -0.18569534 -0.18569534  0.          0.          0.
 -0.48583281 -0.45581158  0.29699854  0.10492265  0.          0.10401019
 -0.55167728  0.          0.          0.80757285  0.35064344  0.          0.
  0.          0.          0.          0.          0.          0.
 -0.42008403  0.          0.          0.          0.          0.          0.
  0.          0.          0.          0.          0.          0.
 -0.13018891  0.          0.          0.         -0.13018891  0.          0.
  0.          0.          0.          0.         -0.13018891  0.          0.
 -0.68074565  0.         -0.60302269  0.         -0.55167728 -0.96720415
  0.          0.         -0.13018891  0.         -0.18569534  0.
 -0.68074565  0.          0.          0.          0.         -0.33333333
  0.          0.         -0.13018891  0.          0.          0.          0.
 -0.33333333  0.          0.          0.          0.          0.          0.
  0.          0.          0.          0.          0.          2.11524141
 -0.32745518 -0.36657209 -0.33180551 -0.34992711  0.          0.          0.
  0.          0.         -0.42008403 -0.5        -0.5         0.          0.
 -0.13018891  0.          0.          0.          0.          0.          0.
 -0.13018891  1.73205081 -0.52592371  0.          0.          0.
  0.89233822] misclassified as 0
[ 0.         -0.64907779  0.         -0.2847474   0.          0.          0.
 -0.66286947  0.         -1.22105424 -0.36507422 -1.43934362 -2.7516229   0.
 -0.28517935 -0.57104762  0.          0.          0.          0.
 -1.26443541  0.         -1.2104463   0.          0.04550907  0.
 -1.15631007  0.          1.46897745  0.         -1.40065843 -0.2270383
 -0.18569534  0.          0.16629148 -0.62470822  0.          0.
 -0.82242534 -0.13018891  0.          0.          0.          0.
  0.14664712 -0.18569534 -0.18569534  0.          0.          0.
  0.07474351  0.3485618   0.29699854  0.10492265  0.         -0.93609174
 -0.55167728  0.          0.         -0.40378643 -0.35064344  0.          0.
  0.          0.          0.          0.          0.          0.
  2.38047614  0.          0.          0.          0.          0.          0.
  0.          0.          0.          0.          0.          0.
 -0.13018891  0.          0.          0.         -0.13018891  0.          0.
  0.          0.          0.          0.         -0.13018891  0.          0.
 -0.68074565  0.         -0.60302269  0.         -0.55167728  1.03390789
  0.          0.         -0.13018891  0.         -0.18569534  0.
  1.46897745  0.          0.          0.          0.         -0.33333333
  0.          0.         -0.13018891  0.          0.          0.          0.
 -0.33333333  0.          0.          0.          0.          0.          0.
  0.          0.          0.          0.          0.         -1.22684078
 -0.33973731 -0.72885954 -0.33180551 -0.34992711  0.          0.          0.
  0.          0.          2.38047614 -0.5        -0.5         0.          0.
 -0.13018891  0.          0.          0.          0.          0.          0.
 -0.13018891 -0.57735027 -0.52592371  0.          0.          0.
  0.89233822] misclassified as 0
[ 0.         -0.64907779  0.         -0.2847474   0.          0.          0.
 -0.67412044  0.         -1.22105424 -0.36507422 -1.43934362 -2.7516229   0.
  0.05703587 -0.57104762  0.          0.          0.          0.
 -1.26521137  0.         -1.07911397  0.          0.04550907  0.
 -1.15631007  0.         -0.68074565  0.         -1.40065843  1.13519152
 -0.18569534  0.          0.16629148 -0.75180668  0.          0.
 -0.82242534 -0.13018891  0.          0.          0.          0.
  0.14664712 -0.18569534 -0.18569534  0.          0.          0.
  0.07474351  0.3485618   0.56296738  0.10492265  0.          0.23402294
 -0.55167728  0.          0.         -0.40378643 -0.35064344  0.          0.
  0.          0.          0.          0.          0.          0.
 -0.42008403  0.          0.          0.          0.          0.          0.
  0.          0.          0.          0.          0.          0.
 -0.13018891  0.          0.          0.         -0.13018891  0.          0.
  0.          0.          0.          0.         -0.13018891  0.          0.
 -0.68074565  0.          1.6583124   0.         -0.55167728  1.03390789
  0.          0.         -0.13018891  0.         -0.18569534  0.
 -0.68074565  0.          0.          0.          0.         -0.33333333
  0.          0.         -0.13018891  0.          0.          0.          0.
 -0.33333333  0.          0.          0.          0.          0.          0.
  0.          0.          0.          0.          0.         -1.22684078
 -0.33973731 -0.72885954 -0.33180551  1.39970842  0.          0.          0.
  0.          0.         -0.42008403 -0.5        -0.5         0.          0.
 -0.13018891  0.          0.          0.          0.          0.          0.
 -0.13018891 -0.57735027 -0.52592371  0.          0.          0.
  0.05577114] misclassified as 0
[ 0.         -1.44386693  0.         -0.2847474   0.          0.          0.
 -0.70787334  0.         -1.002198   -0.36507422 -1.42031323 -2.7516229   0.
 -0.28517935  0.61043022  0.          0.          0.          0.
 -1.18761563  0.         -1.38555607  0.          0.04550907  0.
 -1.15403243  0.         -0.68074565  0.         -1.37463679 -0.2270383
 -0.18569534  0.          1.34011369 -0.69403465  0.          0.
 -0.80957395 -0.13018891  0.          0.          0.          0.
  0.14664712 -0.18569534 -0.18569534  0.          0.          0.
  0.07474351  0.3485618   0.82893622  1.00425963  0.         -0.54605352
 -0.55167728  0.          0.         -0.80757285 -0.70128687  0.          0.
  0.          0.          0.          0.          0.          0.
 -0.42008403  0.          0.          0.          0.          0.          0.
  0.          0.          0.          0.          0.          0.
 -0.13018891  0.          0.          0.         -0.13018891  0.          0.
  0.          0.          0.          0.         -0.13018891  0.          0.
  1.46897745  0.          1.6583124   0.         -0.55167728  1.03390789
  0.          0.         -0.13018891  0.         -0.18569534  0.
  1.46897745  0.          0.          0.          0.         -0.33333333
  0.          0.         -0.13018891  0.          0.          0.          0.
 -0.33333333  0.          0.          0.          0.          0.          0.
  0.          0.          0.          0.          0.         -0.81737281
 -0.33973731 -0.7167833  -0.33180551 -0.34992711  0.          0.          0.
  0.          0.         -0.42008403 -0.5        -0.5         0.          0.
 -0.13018891  0.          0.          0.          0.          0.          0.
 -0.13018891 -0.57735027 -0.52592371  0.          0.          0.
  0.89233822] misclassified as 0
[ 0.         -0.64907779  0.         -0.2847474   0.          0.          0.
 -0.64036754  0.          1.32004721 -0.13450103  1.10227076  0.36342189
  0.         -0.28517935 -0.57104762  0.          0.          0.          0.
  2.47024725  0.         -0.6522839   0.          2.21388264  0.
 -0.50566264  0.          1.46897745  0.          2.51820136  5.22188101
  5.38516481  0.          0.75320258 -0.46294653  0.          0.         -0.597171
 -0.13018891  0.          0.          0.          0.          1.61311827
  5.38516481  5.38516481  0.          0.          0.          0.07474351
  0.3485618   0.82893622  1.90359661  0.          0.49404842  1.81265393
  0.          0.         -0.80757285 -0.70128687  0.          0.          0.
  0.          0.          0.          0.          0.         -0.42008403
  0.          0.          0.          0.          0.          0.          0.
  0.          0.          0.          0.          0.         -0.13018891
  0.          0.          0.         -0.13018891  0.          0.          0.
  0.          0.          0.         -0.13018891  0.          0.
  1.46897745  0.          1.6583124   0.         -0.55167728 -0.96720415
  0.          0.         -0.13018891  0.          5.38516481  0.
 -0.68074565  0.          0.          0.          0.          3.          0.
  0.          7.68114575  0.          0.          0.          0.
 -0.33333333  0.          0.          0.          0.          0.          0.
  0.          0.          0.          0.          0.          2.20445511
 -0.33564327 -0.36181478 -0.33180551  1.39970842  0.          0.          0.
  0.          0.         -0.42008403 -0.5        -0.5         0.          0.
 -0.13018891  0.          0.          0.          0.          0.          0.
 -0.13018891  1.73205081  1.90141648  0.          0.          0.          1.7289053 ] misclassified as 0
[ 0.         -1.44386693  0.         -0.2847474   0.          0.          0.
 -0.70787334  0.         -1.002198   -0.36507422 -1.42031323 -2.7516229   0.
 -0.28517935  0.61043022  0.          0.          0.          0.
 -1.18761563  0.         -1.38555607  0.          0.04550907  0.
 -1.15403243  0.         -0.68074565  0.         -1.37463679 -0.2270383
 -0.18569534  0.          1.34011369 -0.69403465  0.          0.
 -0.80957395 -0.13018891  0.          0.          0.          0.
  0.14664712 -0.18569534 -0.18569534  0.          0.          0.
  0.07474351  0.3485618   0.82893622  1.00425963  0.         -0.54605352
 -0.55167728  0.          0.         -0.80757285 -0.70128687  0.          0.
  0.          0.          0.          0.          0.          0.
 -0.42008403  0.          0.          0.          0.          0.          0.
  0.          0.          0.          0.          0.          0.
 -0.13018891  0.          0.          0.         -0.13018891  0.          0.
  0.          0.          0.          0.         -0.13018891  0.          0.
  1.46897745  0.          1.6583124   0.         -0.55167728  1.03390789
  0.          0.         -0.13018891  0.         -0.18569534  0.
  1.46897745  0.          0.          0.          0.         -0.33333333
  0.          0.         -0.13018891  0.          0.          0.          0.
 -0.33333333  0.          0.          0.          0.          0.          0.
  0.          0.          0.          0.          0.         -0.81737281
 -0.33973731 -0.7167833  -0.33180551 -0.34992711  0.          0.          0.
  0.          0.         -0.42008403 -0.5        -0.5         0.          0.
 -0.13018891  0.          0.          0.          0.          0.          0.
 -0.13018891 -0.57735027 -0.52592371  0.          0.          0.
  0.89233822] misclassified as 0
