[ 0.          0.48631272  0.         -0.37694139  0.          0.
  1.41014387 -0.52136242  0.         -0.23958269 -0.72497939  2.02703671
  0.28078136  0.         -0.31775309  0.09313276  1.41014387  1.41014387
 -0.7030312  -0.7030312   0.92420565  0.         -0.51767819  0.
  0.74302889  0.         -0.34647509  0.         -1.14056344  0.
  1.18042556  0.65751879 -0.06213698  0.          1.27769211 -0.603526
 -0.17072544 -0.18110745 -0.59303105 -0.33195307  0.          0.          0.
  0.          0.21734914 -0.06213698 -0.06213698  0.          1.41014387
  1.41014387  0.74256916  1.30705803 -0.15522251 -0.22395045  0.
  0.03954092 -0.37996648  1.41014387  1.41014387 -0.69284148 -0.69013056
  0.          0.          0.          0.          0.          0.          0.
  0.         -0.21997067  0.          0.          0.          0.          0.
  0.          0.          0.          0.          0.          0.          0.
 -0.17817416  0.          0.         -0.06213698  1.36277029  0.          0.
  0.          0.          0.         -0.06213698 -0.10804236  0.
  1.30703226  1.03923048 -0.06213698  1.16774842 -0.06213698  1.20533406
  0.99233705  0.          0.         -0.06213698  0.          1.39805059
  0.97718331  1.21498579  0.          0.          0.         -0.06213698
  0.          0.          0.          0.          0.          0.          0.
  0.         -0.21018256  0.          0.          0.          0.          0.
  0.          0.          0.          0.          0.          0.
  0.10980937 -0.21273853 -0.46670732 -0.20949095  2.06376894 -0.06213698
  0.          0.          0.          0.         -0.21018256 -0.10804236
 -0.08804509  0.          0.          0.          0.          0.          0.
  0.          0.          0.          0.         -0.125       0.          0.
  0.          0.         -0.22170585] misclassified as 0
[ 0.         -0.31394871  0.         -0.37694139  0.          0.         -0.7091475
 -0.45072446  0.         -0.51796163 -0.44737314 -1.15883633  0.28078136
  0.          0.18600181 -0.34713119 -0.7091475  -0.7091475  -0.7030312
 -0.7030312   0.14635603  0.          0.97965152  0.          0.54955116
  0.         -0.77072534  0.         -1.14056344  0.         -0.98140186
 -0.11254826 -0.06213698  0.         -0.46810342 -0.65001985 -0.17072544
 -0.18110745 -0.6716361  -0.33195307  0.          0.          0.          0.
 -0.56752276 -0.06213698 -0.06213698  0.         -0.7091475  -0.7091475
  0.30177468 -0.67366272  0.18391911  0.55241112  0.          0.54932473
  1.18814914 -0.7091475  -0.7091475  -0.38648301 -0.36089396  0.          0.
  0.          0.          0.          0.          0.          0.
 -0.21997067  0.          0.          0.          0.          0.          0.
  0.          0.          0.          0.          0.          0.
 -0.17817416  0.          0.         -0.06213698 -0.73379939  0.          0.
  0.          0.          0.         -0.06213698 -0.10804236  0.
 -0.76509206 -0.96225045 -0.06213698 -0.85634884 -0.06213698 -0.82964552
  0.99233705  0.          0.         -0.06213698  0.         -0.7152817
  0.97718331 -0.82305489  0.          0.          0.         -0.06213698
  0.          0.          0.          0.          0.          0.          0.
  0.         -0.21018256  0.          0.          0.          0.          0.
  0.          0.          0.          0.          0.          0.
 -0.42611285 -0.21900476 -0.62250787 -0.20949095  0.10186794 -0.06213698
  0.          0.          0.          0.         -0.21018256 -0.10804236
 -0.08804509  0.          0.          0.          0.          0.          0.
  0.          0.          0.          0.          8.          0.          0.
  0.          0.          0.48126392] misclassified as 0
[ 0.         -0.31394871  0.         -0.37694139  0.          0.         -0.7091475
 -0.48996777  0.         -0.5308595  -0.44737314 -1.15883633  0.28078136
  0.          0.18600181 -0.34713119 -0.7091475  -0.7091475  -0.7030312
 -0.7030312   0.14221854  0.         -0.46322984  0.          0.54955116
  0.         -0.77072534  0.         -1.14056344  0.         -0.98140186
 -0.11254826 -0.06213698  0.          0.03069531 -0.58492846 -0.17072544
 -0.18110745 -0.67228365  8.29882663  0.          0.          0.          0.
 -0.56752276 -0.06213698 -0.06213698  0.         -0.7091475  -0.7091475
 -0.57981428 -0.67366272  0.18391911  0.55241112  0.          0.54932473
  1.18814914 -0.7091475  -0.7091475  -0.38648301 -0.36089396  0.          0.
  0.          0.          0.          0.          0.          0.
 -0.21997067  0.          0.          0.          0.          0.          0.
  0.          0.          0.          0.          0.          0.
  5.61248608  0.          0.         -0.06213698 -0.73379939  0.          0.
  0.          0.          0.         -0.06213698 -0.10804236  0.
 -0.76509206  1.03923048 -0.06213698 -0.85634884 -0.06213698 -0.82964552
  0.99233705  0.          0.         -0.06213698  0.         -0.7152817
  0.97718331 -0.82305489  0.          0.          0.         -0.06213698
  0.          0.          0.          0.          0.          0.          0.
  0.         -0.21018256  0.          0.          0.          0.          0.
  0.          0.          0.          0.          0.          0.
 -0.45017466 -0.21900476 -0.62250787 -0.20949095  0.10186794 -0.06213698
  0.          0.          0.          0.         -0.21018256 -0.10804236
 -0.08804509  0.          0.          0.          0.          0.          0.
  0.          0.          0.          0.         -0.125       0.          0.
  0.          0.          0.48126392] misclassified as 0
[ 0.          0.48631272  0.         -0.37694139  0.          0.         -0.7091475
 -0.50566509  0.          0.7032155  -0.72497939  2.05940798  0.28078136
  0.         -0.31775309 -0.78739514 -0.7091475  -0.7091475  -0.7030312
 -0.7030312   2.8812422   0.         -0.36340785  0.          2.77454503
  0.         -0.33858939  0.         -1.14056344  0.          3.5901058
 -0.11254826 -0.06213698  0.          0.03069531 -0.34316041 -0.17072544
 -0.18110745 -0.55041884 -0.33195307  0.          0.          0.          0.
 -0.56752276 -0.06213698 -0.06213698  0.         -0.7091475  -0.7091475
 -0.57981428 -0.67366272  3.91447695  2.88149582  0.         -0.21535098
  1.18814914 -0.7091475  -0.7091475  -0.38648301 -0.36089396  0.          0.
  0.          0.          0.          0.          0.          0.
 -0.21997067  0.          0.          0.          0.          0.          0.
  0.          0.          0.          0.          0.          0.
 -0.17817416  0.          0.         -0.06213698 -0.73379939  0.          0.
  0.          0.          0.         -0.06213698 -0.10804236  0.
 -0.76509206  1.03923048 -0.06213698  1.16774842 -0.06213698 -0.82964552
  0.99233705  0.          0.         -0.06213698  0.         -0.7152817
 -1.02334945  1.21498579  0.          0.          0.         -0.06213698
  0.          0.          0.          0.          0.          0.          0.
  0.         -0.21018256  0.          0.          0.          0.          0.
  0.          0.          0.          0.          0.          0.
  1.96475646 -0.21900476 -0.40018295 -0.20949095 -0.87908256 -0.06213698
  0.          0.          0.          0.         -0.21018256 -0.10804236
 -0.08804509  0.          0.          0.          0.          0.          0.
  0.          0.          0.          0.         -0.125       0.          0.
  0.          0.          2.59017323] misclassified as 0
[ 0.         -0.31394871  0.          1.31279588  0.          0.         -0.7091475
 -0.45072446  0.         -0.58460061 -0.72497939 -1.15883633  0.28078136
  0.          0.18600181 -0.34713119 -0.7091475  -0.7091475  -0.7030312
 -0.7030312   0.12463417  0.         -0.36340785  0.          0.54955116
  0.         -0.77177677  0.          0.87675965  0.         -1.01582586
 -0.11254826 -0.06213698  0.          0.52949403 -0.52913583 -0.17072544
 -0.18110745 -0.67818352 -0.33195307  0.          0.          0.          0.
 -0.56752276 -0.06213698 -0.06213698  0.         -0.7091475  -0.7091475
 -0.57981428 -0.67366272  0.18391911  0.55241112  0.          0.80421663
  1.18814914 -0.7091475  -0.7091475   0.83895091  0.95605243  0.          0.
  0.          0.          0.          0.          0.          0.
  4.54606057  0.          0.          0.          0.          0.          0.
  0.          0.          0.          0.          0.          0.
 -0.17817416  0.          0.         -0.06213698 -0.73379939  0.          0.
  0.          0.          0.         -0.06213698 -0.10804236  0.
 -0.76509206  1.03923048 -0.06213698  1.16774842 -0.06213698  1.20533406
  0.99233705  0.          0.         -0.06213698  0.         -0.7152817
  0.97718331  1.21498579  0.          0.          0.         -0.06213698
  0.          0.          0.          0.          0.          0.          0.
  0.         -0.21018256  0.          0.          0.          0.          0.
  0.          0.          0.          0.          0.          0.
 -0.54642191 -0.21273853 -0.62559915 -0.20949095  0.10186794 -0.06213698
  0.          0.          0.          0.          4.75776877 -0.10804236
 -0.08804509  0.          0.          0.          0.          0.          0.
  0.          0.          0.          0.         -0.125       0.          0.
  0.          0.          0.48126392] misclassified as 0
[ 0.          0.48631272  0.          1.31279588  0.          0.         -0.7091475
 -0.23881061  0.         -0.57653944 -0.72497939 -1.15883633  0.28078136
  0.          1.6972665  -0.34713119 -0.7091475  -0.7091475  -0.7030312
 -0.7030312   0.12877167  0.          0.02226798  0.          0.54955116
  0.         -0.77177677  0.         -1.14056344  0.         -1.00205626
 -0.11254826 -0.06213698  0.          0.52949403 -0.38965427 -0.17072544
 -0.18110745 -0.67724818 -0.33195307  0.          0.          0.          0.
 -0.56752276 -0.06213698 -0.06213698  0.         -0.7091475  -0.7091475
 -0.57981428 -0.67366272  0.18391911  0.55241112  0.          1.90874821
  2.75626475 -0.7091475  -0.7091475   2.67710179  2.60223543  0.          0.
  0.          0.          0.          0.          0.          0.
 -0.21997067  0.          0.          0.          0.          0.          0.
  0.          0.          0.          0.          0.          0.
 -0.17817416  0.          0.         -0.06213698 -0.73379939  0.          0.
  0.          0.          0.         -0.06213698 -0.10804236  0.
 -0.76509206  1.03923048 -0.06213698  1.16774842 -0.06213698  1.20533406
  0.99233705  0.          0.         -0.06213698  0.         -0.7152817
  0.97718331  1.21498579  0.          0.          0.         -0.06213698
  0.          0.          0.          0.          0.          0.          0.
  0.         -0.21018256  0.          0.          0.          0.          0.
  0.          0.          0.          0.          0.          0.
 -0.53110985 -0.16260868 -0.62535185 -0.20949095  0.10186794 -0.06213698
  0.          0.          0.          0.         -0.21018256 -0.10804236
 -0.08804509  0.          0.          0.          0.          0.          0.
  0.          0.          0.          0.         -0.125       0.          0.
  0.          0.          0.48126392] misclassified as 0
[  0.           0.48631272   0.          -0.37694139   0.           0.
  -0.7091475   -0.49781643   0.           0.74244651  -0.44737314
   2.05940798   0.28078136   0.          -0.31775309  -0.34713119
  -0.7091475   -0.7091475   -0.7030312   -0.7030312    3.44187317   0.
  -0.38609467   0.           2.77454503   0.          -0.33858939   0.
   0.87675965   0.           3.72780182   2.96771994  16.09347694   0.
   0.28009467  -0.36175795  -0.17072544  -0.18110745  -0.54093946
  -0.33195307   0.           0.           0.           0.           0.21734914
  16.09347694  16.09347694   0.          -0.7091475   -0.7091475
  -0.57981428  -0.67366272   0.86220235   2.10513425   0.           0.12450489
   1.18814914  -0.7091475   -0.7091475   -0.69284148  -0.69013056   0.           0.
   0.           0.           0.           0.           0.           0.
  -0.21997067   0.           0.           0.           0.           0.           0.
   0.           0.           0.           0.           0.           0.
  -0.17817416   0.           0.          -0.06213698  -0.73379939   0.           0.
   0.           0.           0.          -0.06213698  -0.10804236   0.
  -0.76509206   1.03923048  -0.06213698   1.16774842  -0.06213698
  -0.82964552   0.99233705   0.           0.          -0.06213698   0.
   1.39805059  -1.02334945   1.21498579   0.           0.           0.
  -0.06213698   0.           0.           0.           0.           0.           0.
   0.           0.          -0.21018256   0.           0.           0.           0.
   0.           0.           0.           0.           0.           0.           0.
   2.04569165  -0.21900476  -0.3995647   -0.20949095   0.10186794
  -0.06213698   0.           0.           0.           0.          -0.21018256
  -0.10804236  -0.08804509   0.           0.           0.           0.           0.
   0.           0.           0.           0.           0.          -0.125
   0.           0.           0.           0.           1.88720346] misclassified as 0
[ 0.          0.48631272  0.          1.31279588  0.          0.         -0.7091475
 -0.45857313  0.         -0.55737178 -0.72497939 -1.15883633  0.28078136
  0.          0.18600181  0.97366066 -0.7091475  -0.7091475  -0.7030312
 -0.7030312   0.13497791  0.         -0.39970676  0.          0.54955116
  0.         -0.77177677  0.         -1.14056344  0.         -0.98828666
 -0.11254826 -0.06213698  0.          0.52949403 -0.51053829 -0.17072544
 -0.18110745 -0.67584516 -0.33195307  0.          0.          0.          0.
 -0.56752276 -0.06213698 -0.06213698  0.         -0.7091475  -0.7091475
 -0.57981428 -0.67366272  0.18391911  0.55241112  0.          2.33356805
  2.75626475 -0.7091475  -0.7091475   0.22623395  0.29757923  0.          0.
  0.          0.          0.          0.          0.          0.
  4.54606057  0.          0.          0.          0.          0.          0.
  0.          0.          0.          0.          0.          0.
 -0.17817416  0.          0.         -0.06213698 -0.73379939  0.          0.
  0.          0.          0.         -0.06213698 -0.10804236  0.
 -0.76509206  1.03923048 -0.06213698  1.16774842 -0.06213698  1.20533406
  0.99233705  0.          0.         -0.06213698  0.         -0.7152817
  0.97718331  1.21498579  0.          0.          0.         -0.06213698
  0.          0.          0.          0.          0.          0.          0.
  0.         -0.21018256  0.          0.          0.          0.          0.
  0.          0.          0.          0.          0.          0.
 -0.49392341 -0.18767361 -0.6249809  -0.20949095  1.08281844 -0.06213698
  0.          0.          0.          0.          4.75776877 -0.10804236
 -0.08804509  0.          0.          0.          0.          0.          0.
  0.          0.          0.          0.         -0.125       0.          0.
  0.          0.          0.48126392] misclassified as 0
[ 0.          0.48631272  0.          1.31279588  0.          0.         -0.7091475
 -0.37223785  0.         -0.541966   -0.72497939 -1.15883633  0.28078136
  0.          1.6972665  -0.34713119 -0.7091475  -0.7091475  -0.7030312
 -0.7030312   0.14014979  0.         -0.37248258  0.          0.54955116
  0.         -0.77072534  0.         -1.14056344  0.         -0.98140186
 -0.11254826 -0.06213698  0.          0.52949403 -0.42684935 -0.17072544
 -0.18110745 -0.67293119 -0.33195307  0.          0.          0.          0.
 -0.56752276 -0.06213698 -0.06213698  0.         -0.7091475  -0.7091475
 -0.57981428 -0.67366272  0.18391911  0.55241112  0.          2.07867614
  1.18814914 -0.7091475  -0.7091475   1.45166787  1.28528903  0.          0.
  0.          0.          0.          0.          0.          0.
 -0.21997067  0.          0.          0.          0.          0.          0.
  0.          0.          0.          0.          0.          0.
 -0.17817416  0.          0.         -0.06213698 -0.73379939  0.          0.
  0.          0.          0.         -0.06213698 -0.10804236  0.
 -0.76509206  1.03923048 -0.06213698  1.16774842 -0.06213698  1.20533406
  0.99233705  0.          0.         -0.06213698  0.         -0.7152817
  0.97718331  1.21498579  0.          0.          0.         -0.06213698
  0.          0.          0.          0.          0.          0.          0.
  0.         -0.21018256  0.          0.          0.          0.          0.
  0.          0.          0.          0.          0.          0.
 -0.47204904 -0.18767361 -0.62250787 -0.20949095  0.10186794 -0.06213698
  0.          0.          0.          0.         -0.21018256 -0.10804236
 -0.08804509  0.          0.          0.          0.          0.          0.
  0.          0.          0.          0.         -0.125       0.          0.
  0.          0.          0.48126392] misclassified as 0
[ 0.          1.28657414  0.          1.31279588  0.          0.         -0.7091475
 -0.48211911  0.         -0.65464319 -0.72497939 -1.15883633  0.28078136
  0.          0.18600181 -0.34713119 -0.7091475  -0.7091475  -0.7030312
 -0.7030312   0.10808418  0.         -0.14107708  0.          0.54955116
  0.         -0.77177677  0.         -1.14056344  0.         -1.02271066
 -0.11254826 -0.06213698  0.          0.52949403 -0.62212354 -0.17072544
 -0.18110745 -0.68386755 -0.33195307  0.          0.          0.          0.
 -0.56752276 -0.06213698 -0.06213698  0.         -0.7091475  -0.7091475
 -0.57981428 -0.67366272  0.18391911  0.55241112  0.          0.54932473
  1.18814914 -0.7091475  -0.7091475   0.53259243  1.94376223  0.          0.
  0.          0.          0.          0.          0.          0.
 -0.21997067  0.          0.          0.          0.          0.          0.
  0.          0.          0.          0.          0.          0.
 -0.17817416  0.          0.         -0.06213698 -0.73379939  0.          0.
  0.          0.          0.         -0.06213698 -0.10804236  0.
 -0.76509206  1.03923048 -0.06213698  1.16774842 -0.06213698  1.20533406
  0.99233705  0.          0.         -0.06213698  0.         -0.7152817
  0.97718331  1.21498579  0.          0.          0.         -0.06213698
  0.          0.          0.          0.          0.          0.          0.
  0.         -0.21018256  0.          0.          0.          0.          0.
  0.          0.          0.          0.          0.          0.
 -0.68423048 -0.21900476 -0.62646471 -0.20949095  0.10186794 -0.06213698
  0.          0.          0.          0.         -0.21018256 -0.10804236
 -0.08804509  0.          0.          0.          0.          0.          0.
  0.          0.          0.          0.         -0.125       0.          0.
  0.          0.          0.48126392] misclassified as 0
[ 0.          1.28657414  0.         -0.37694139  0.          0.
  1.41014387 -0.50566509  0.         -0.24209061 -0.72497939  1.20156918
  0.28078136  0.         -0.31775309  0.09313276  1.41014387  1.41014387
  1.42241197  1.42241197  0.91593066  0.         -0.4314683   0.
  0.74302889  0.         -0.45582335  0.         -1.14056344  0.
  0.79487672 -0.11254826 -0.06213698  0.          1.27769211 -0.5384346
 -0.17072544 -0.18110745 -0.60063973 -0.33195307  0.          0.          0.
  0.          0.6097851  -0.06213698 -0.06213698  0.          1.41014387
  1.41014387  0.74256916  1.30705803 -0.15522251 -0.22395045  0.
 -0.30031495 -0.37996648  1.41014387  1.41014387 -0.69284148 -0.69013056
  0.          0.          0.          0.          0.          0.          0.
  0.          4.54606057  0.          0.          0.          0.          0.
  0.          0.          0.          0.          0.          0.          0.
 -0.17817416  0.          0.         -0.06213698  1.36277029  0.          0.
  0.          0.          0.         -0.06213698 -0.10804236  0.
  1.30703226  1.03923048 -0.06213698  1.16774842 -0.06213698  1.20533406
  0.99233705  0.          0.         -0.06213698  0.          1.39805059
  0.97718331  1.21498579  0.          0.          0.         -0.06213698
  0.          0.          0.          0.          0.          0.          0.
  0.         -0.21018256  0.          0.          0.          0.          0.
  0.          0.          0.          0.          0.          0.
  0.10543449 -0.21900476 -0.49242677 -0.20949095  1.08281844 -0.06213698
  0.          0.          0.          0.          4.75776877 -0.10804236
 -0.08804509  0.          0.          0.          0.          0.          0.
  0.          0.          0.          0.         -0.125       0.          0.
  0.          0.         -0.22170585] misclassified as 0
[ 0.          0.48631272  0.         -0.37694139  0.          0.
  1.41014387 -0.34084321  0.         -0.24209061 -0.72497939  1.16110508
  0.28078136  0.         -0.31775309  0.53339671  1.41014387  1.41014387
  1.42241197  1.42241197  0.91593066  0.          0.13116469  0.
  0.74302889  0.         -0.46160619  0.         -1.14056344  0.
  0.77422232  0.65751879 -0.06213698  0.          1.52709147 -0.23157516
 -0.17072544 -0.18110745 -0.60107143  1.82574186  0.          0.          0.
  0.          0.6097851  -0.06213698 -0.06213698  0.          1.41014387
  1.41014387  0.74256916  1.30705803 -0.15522251 -0.22395045  0.
  4.71255914  4.32438037  1.41014387  1.41014387  0.22623395  0.29757923
  0.          0.          0.          0.          0.          0.          0.
  0.          4.54606057  0.          0.          0.          0.          0.
  0.          0.          0.          0.          0.          0.          0.
 -0.17817416  0.          0.         -0.06213698  1.36277029  0.          0.
  0.          0.          0.         -0.06213698 -0.10804236  0.
  1.30703226  1.03923048 -0.06213698  1.16774842 -0.06213698  1.20533406
  0.99233705  0.          0.         -0.06213698  0.          1.39805059
  0.97718331  1.21498579  0.          0.          0.         -0.06213698
  0.          0.          0.          0.          0.          0.          0.
  0.         -0.21018256  0.          0.          0.          0.          0.
  0.          0.          0.          0.          0.          0.
  0.10543449 -0.17514114 -0.49391059 -0.20949095  1.08281844 -0.06213698
  0.          0.          0.          0.          4.75776877 -0.10804236
 -0.08804509  0.          0.          0.          0.          0.          0.
  0.          0.          0.          0.         -0.125       0.          0.
  0.          0.         -0.22170585] misclassified as 0
[ 0.          0.48631272  0.          1.31279588  0.          0.         -0.7091475
 -0.45857313  0.         -0.53300914 -0.72497939 -1.15883633  0.28078136
  0.          0.18600181 -0.34713119 -0.7091475  -0.7091475  -0.7030312
 -0.7030312   0.14221854  0.         -0.45869247  0.          0.54955116
  0.         -0.77072534  0.         -1.14056344  0.         -0.98140186
 -0.11254826 -0.06213698  0.          0.52949403 -0.56633091 -0.17072544
 -0.18110745 -0.67244553 -0.33195307  0.          0.          0.          0.
 -0.56752276 -0.06213698 -0.06213698  0.         -0.7091475  -0.7091475
 -0.57981428 -0.67366272  0.18391911  0.55241112  0.          0.8891806
  1.18814914 -0.7091475  -0.7091475   0.53259243  0.62681583  0.          0.
  0.          0.          0.          0.          0.          0.
  4.54606057  0.          0.          0.          0.          0.          0.
  0.          0.          0.          0.          0.          0.
 -0.17817416  0.          0.         -0.06213698 -0.73379939  0.          0.
  0.          0.          0.         -0.06213698 -0.10804236  0.
 -0.76509206  1.03923048 -0.06213698  1.16774842 -0.06213698  1.20533406
  0.99233705  0.          0.         -0.06213698  0.         -0.7152817
  0.97718331  1.21498579  0.          0.          0.         -0.06213698
  0.          0.          0.          0.          0.          0.          0.
  0.         -0.21018256  0.          0.          0.          0.          0.
  0.          0.          0.          0.          0.          0.
 -0.45454953 -0.21273853 -0.62250787 -0.20949095  0.10186794 -0.06213698
  0.          0.          0.          0.          4.75776877 -0.10804236
 -0.08804509  0.          0.          0.          0.          0.          0.
  0.          0.          0.          0.         -0.125       0.          0.
  0.          0.          0.48126392] misclassified as 0
[ 0.         -0.31394871  0.         -0.37694139  0.          0.         -0.7091475
 -0.52921108  0.          0.72901124 -0.72497939  2.05940798  0.28078136
  0.         -0.31775309 -0.78739514 -0.7091475  -0.7091475  -0.7030312
 -0.7030312   3.41394506  0.         -0.6991727   0.          2.77454503
  0.         -0.33858939  0.         -1.14056344  0.          3.70714742
 -0.11254826 -0.06213698  0.         -0.71750278 -0.67791617 -0.17072544
 -0.18110745 -0.54210864 -0.33195307  0.          0.          0.          0.
 -0.56752276 -0.06213698 -0.06213698  0.         -0.7091475  -0.7091475
 -1.02060876 -0.95662282 -0.15522251 -0.22395045  0.         -0.30031495
 -0.37996648 -0.7091475  -0.7091475  -0.69284148 -0.69013056  0.          0.
  0.          0.          0.          0.          0.          0.
 -0.21997067  0.          0.          0.          0.          0.          0.
  0.          0.          0.          0.          0.          0.
 -0.17817416  0.          0.         -0.06213698 -0.73379939  0.          0.
  0.          0.          0.         -0.06213698 -0.10804236  0.
 -0.76509206 -0.96225045 -0.06213698  1.16774842 -0.06213698 -0.82964552
 -1.00772212  0.          0.         -0.06213698  0.         -0.7152817
 -1.02334945 -0.82305489  0.          0.          0.         -0.06213698
  0.          0.          0.          0.          0.          0.          0.
  0.         -0.21018256  0.          0.          0.          0.          0.
  0.          0.          0.          0.          0.          0.
  2.02381727 -0.21273853 -0.39968835 -0.20949095 -0.87908256 -0.06213698
  0.          0.          0.          0.         -0.21018256 -0.10804236
 -0.08804509  0.          0.          0.          0.          0.          0.
  0.          0.          0.          0.         -0.125       0.          0.
  0.          0.         -0.22170585] misclassified as 0
[ 0.          0.48631272  0.          1.31279588  0.          0.         -0.7091475
 -0.4428758   0.         -0.64658202 -0.72497939 -1.15883633  0.28078136
  0.          0.18600181 -0.34713119 -0.7091475  -0.7091475  -0.7030312
 -0.7030312   0.11015293  0.          0.97965152  0.          0.54955116
  0.         -0.77177677  0.         -1.14056344  0.         -1.02271066
 -0.11254826 -0.06213698  0.          0.52949403 -0.62212354 -0.17072544
 -0.18110745 -0.68322    -0.33195307  0.          0.          0.          0.
 -0.56752276 -0.06213698 -0.06213698  0.         -0.7091475  -0.7091475
  0.30177468 -0.67366272  0.18391911  0.55241112  0.          0.54932473
  1.18814914 -0.7091475  -0.7091475   0.22623395  0.29757923  0.          0.
  0.          0.          0.          0.          0.          0.
 -0.21997067  0.          0.          0.          0.          0.          0.
  0.          0.          0.          0.          0.          0.
 -0.17817416  0.          0.         -0.06213698 -0.73379939  0.          0.
  0.          0.          0.         -0.06213698 -0.10804236  0.
 -0.76509206  1.03923048 -0.06213698  1.16774842 -0.06213698  1.20533406
  0.99233705  0.          0.         -0.06213698  0.         -0.7152817
  0.97718331  1.21498579  0.          0.          0.         -0.06213698
  0.          0.          0.          0.          0.          0.          0.
  0.         -0.21018256  0.          0.          0.          0.          0.
  0.          0.          0.          0.          0.          0.
 -0.66891842 -0.21900476 -0.62646471 -0.20949095  0.10186794 -0.06213698
  0.          0.          0.          0.         -0.21018256 -0.10804236
 -0.08804509  0.          0.          0.          0.          0.          0.
  0.          0.          0.          0.         -0.125       0.          0.
  0.          0.          0.48126392] misclassified as 0
[ 0.         -0.31394871  0.         -0.37694139  0.          0.         -0.7091475
 -0.48996777  0.         -0.60932152 -0.1697669  -1.15883633  0.28078136
  0.          0.18600181 -0.34713119 -0.7091475  -0.7091475  -0.7030312
 -0.7030312   0.12049667  0.         -0.46322984  0.          0.54955116
  0.         -0.77177677  0.         -1.14056344  0.         -1.01582586
 -0.11254826 -0.06213698  0.          0.28009467 -0.39895304 -0.17072544
 -0.18110745 -0.68003623  0.7468944   0.          0.          0.          0.
 -0.17508681 -0.06213698 -0.06213698  0.         -0.7091475  -0.7091475
 -0.1390198  -0.39070261  0.18391911  0.55241112  0.          0.54932473
  1.18814914 -0.7091475  -0.7091475  -0.38648301 -0.36089396  0.          0.
  0.          0.          0.          0.          0.          0.
 -0.21997067  0.          0.          0.          0.          0.          0.
  0.          0.          0.          0.          0.          0.
 -0.17817416  0.          0.         -0.06213698 -0.73379939  0.          0.
  0.          0.          0.         -0.06213698 -0.10804236  0.
  1.30703226  1.03923048 -0.06213698 -0.85634884 -0.06213698  1.20533406
  0.99233705  0.          0.         -0.06213698  0.         -0.7152817
  0.97718331 -0.82305489  0.          0.          0.         -0.06213698
  0.          0.          0.          0.          0.          0.          0.
  0.         -0.21018256  0.          0.          0.          0.          0.
  0.          0.          0.          0.          0.          0.
 -0.59673298 -0.21900476 -0.62597011 -0.20949095  0.10186794 -0.06213698
  0.          0.          0.          0.         -0.21018256 -0.10804236
 -0.08804509  0.          0.          0.          0.          0.          0.
  0.          0.          0.          0.         -0.125       0.          0.
  0.          0.          0.48126392] misclassified as 0
[  0.          11.68997273   0.          -0.37694139   0.           0.
   1.41014387  -0.52921108   0.          -0.25552588  -0.72497939
  -0.53029406   0.28078136   0.           0.18600181   0.09313276
   1.41014387   1.41014387   1.42241197   1.42241197   0.88800255   0.
   9.60064078   0.           0.74302889   0.          -0.68976556   0.
  -1.14056344   0.           0.01689424  -0.11254826  -0.06213698   0.
   1.27769211  -0.62212354  -0.17072544  -0.18110745  -0.61763785
  -0.33195307   0.           0.           0.           0.           0.6097851
  -0.06213698  -0.06213698   0.           1.41014387   1.41014387
   0.74256916   1.30705803  -0.15522251  -0.22395045   0.          -0.30031495
  -0.37996648   1.41014387   1.41014387  -0.69284148  -0.69013056   0.           0.
   0.           0.           0.           0.           0.           0.
  -0.21997067   0.           0.           0.           0.           0.           0.
   0.           0.           0.           0.           0.           0.
  -0.17817416   0.           0.          -0.06213698   1.36277029   0.           0.
   0.           0.           0.          -0.06213698  -0.10804236   0.
   1.30703226   1.03923048  -0.06213698   1.16774842  -0.06213698
   1.20533406   0.99233705   0.           0.          -0.06213698   0.
   1.39805059   0.97718331   1.21498579   0.           0.           0.
  -0.06213698   0.           0.           0.           0.           0.           0.
   0.           0.          -0.21018256   0.           0.           0.           0.
   0.           0.           0.           0.           0.           0.           0.
   0.07918524  -0.21900476  -0.54831713  -0.20949095   1.08281844
  -0.06213698   0.           0.           0.           0.          -0.21018256
  -0.10804236  -0.08804509   0.           0.           0.           0.           0.
   0.           0.           0.           0.           0.          -0.125
   0.           0.           0.           0.          -0.22170585] misclassified as 0
[  0.           1.28657414   0.          -0.37694139   0.           0.
  -0.7091475   -0.50566509   0.          -0.25767553  -0.44737314
  -0.8027523    0.28078136   0.           0.6897567   -0.78739514
  -0.7091475   -0.7091475   -0.7030312   -0.7030312    0.8859338    0.
   0.04495479   0.           0.64629002   0.          -0.7281426    0.
  -1.14056344   0.          -0.12768657  -0.11254826  -0.06213698   0.
   0.52949403  -0.67791617  -0.17072544  -0.18110745  -0.62130728
  -0.33195307   0.           0.           0.           0.           1.39465701
  -0.06213698  -0.06213698   0.          -0.7091475   -0.7091475
   1.18336364   1.87297824  15.10615049  14.52691933   0.           0.97414457
   2.75626475  -0.7091475   -0.7091475    0.22623395   0.29757923   0.           0.
   0.           0.           0.           0.           0.           0.
  -0.21997067   0.           0.           0.           0.           0.           0.
   0.           0.           0.           0.           0.           0.
  -0.17817416   0.           0.          16.09347694  -0.73379939   0.           0.
   0.           0.           0.          -0.06213698  -0.10804236   0.
  -0.76509206   1.03923048  -0.06213698   1.16774842  -0.06213698
  -0.82964552   0.99233705   0.           0.          -0.06213698   0.
  -0.7152817    0.97718331   1.21498579   0.           0.           0.
  -0.06213698   0.           0.           0.           0.           0.           0.
   0.           0.          -0.21018256   0.           0.           0.           0.
   0.           0.           0.           0.           0.           0.           0.
   0.07481037  -0.20020607  -0.55895114  -0.20949095  -0.87908256
  -0.06213698   0.           0.           0.           0.          -0.21018256
   9.25562892  11.35781669   0.           0.           0.           0.           0.
   0.           0.           0.           0.           0.          -0.125
   0.           0.           0.           0.          14.5406593 ] misclassified as 0
